Iteration	car_travel	car_wait	stageActivity_travel	stageActivity_wait
0	3047.6002777777776	0.0	0.0	0.0
1	2947.9205555555554	0.0	0.0	0.0
2	2883.5094444444444	0.0	0.0	0.0
3	2845.724166666667	0.0	0.0	0.0
4	2858.646388888889	0.0	0.0	0.0
5	2823.801111111111	0.0	0.0	0.0
6	2815.4538888888887	0.0	0.0	0.0
7	2817.931666666667	0.0	0.0	0.0
8	2819.6655555555553	0.0	0.0	0.0
9	2816.030277777778	0.0	0.0	0.0
10	2785.813611111111	0.0	0.0	0.0
11	2779.7530555555554	0.0	0.0	0.0
12	2770.430277777778	0.0	0.0	0.0
13	2771.575	0.0	0.0	0.0
14	2745.0844444444447	0.0	0.0	0.0
15	2753.307222222222	0.0	0.0	0.0
16	2741.7883333333334	0.0	0.0	0.0
17	2747.108333333333	0.0	0.0	0.0
18	2731.0358333333334	0.0	0.0	0.0
19	2737.9583333333335	0.0	0.0	0.0
20	2743.9430555555555	0.0	0.0	0.0
21	2752.3880555555556	0.0	0.0	0.0
22	2745.682222222222	0.0	0.0	0.0
23	2723.3552777777777	0.0	0.0	0.0
24	2743.219722222222	0.0	0.0	0.0
25	2744.534722222222	0.0	0.0	0.0
26	2743.5530555555556	0.0	0.0	0.0
27	2721.741111111111	0.0	0.0	0.0
28	2711.7533333333336	0.0	0.0	0.0
29	2703.0808333333334	0.0	0.0	0.0
30	2714.2463888888888	0.0	0.0	0.0
31	2727.3722222222223	0.0	0.0	0.0
32	2741.0222222222224	0.0	0.0	0.0
33	2716.2033333333334	0.0	0.0	0.0
34	2727.5569444444445	0.0	0.0	0.0
35	2737.686388888889	0.0	0.0	0.0
36	2712.408611111111	0.0	0.0	0.0
37	2722.0194444444446	0.0	0.0	0.0
38	2716.947777777778	0.0	0.0	0.0
39	2722.7533333333336	0.0	0.0	0.0
40	2709.8444444444444	0.0	0.0	0.0
41	2708.5375	0.0	0.0	0.0
42	2711.7747222222224	0.0	0.0	0.0
43	2724.6447222222223	0.0	0.0	0.0
44	2723.1041666666665	0.0	0.0	0.0
45	2687.8005555555555	0.0	0.0	0.0
46	2674.8777777777777	0.0	0.0	0.0
47	2704.867777777778	0.0	0.0	0.0
48	2699.7330555555554	0.0	0.0	0.0
49	2707.0405555555553	0.0	0.0	0.0
50	2699.7986111111113	0.0	0.0	0.0
51	2690.965833333333	0.0	0.0	0.0
52	2709.7625	0.0	0.0	0.0
53	2689.6141666666667	0.0	0.0	0.0
54	2722.493611111111	0.0	0.0	0.0
55	2714.8130555555554	0.0	0.0	0.0
56	2717.3366666666666	0.0	0.0	0.0
57	2704.518888888889	0.0	0.0	0.0
58	2700.9855555555555	0.0	0.0	0.0
59	2689.165	0.0	0.0	0.0
60	2698.428888888889	0.0	0.0	0.0
61	2725.295	0.0	0.0	0.0
62	2709.5447222222224	0.0	0.0	0.0
63	2702.175277777778	0.0	0.0	0.0
64	2695.7594444444444	0.0	0.0	0.0
65	2690.085	0.0	0.0	0.0
66	2707.902222222222	0.0	0.0	0.0
67	2707.6566666666668	0.0	0.0	0.0
68	2717.373888888889	0.0	0.0	0.0
69	2708.172777777778	0.0	0.0	0.0
70	2710.3527777777776	0.0	0.0	0.0
71	2710.2361111111113	0.0	0.0	0.0
72	2715.9713888888887	0.0	0.0	0.0
73	2694.6144444444444	0.0	0.0	0.0
74	2698.7530555555554	0.0	0.0	0.0
75	2717.3977777777777	0.0	0.0	0.0
76	2723.2986111111113	0.0	0.0	0.0
77	2716.8502777777776	0.0	0.0	0.0
78	2702.8944444444446	0.0	0.0	0.0
79	2682.48	0.0	0.0	0.0
80	2690.678611111111	0.0	0.0	0.0
81	2710.2269444444446	0.0	0.0	0.0
82	2696.9175	0.0	0.0	0.0
83	2699.8411111111113	0.0	0.0	0.0
84	2685.3611111111113	0.0	0.0	0.0
85	2684.9080555555556	0.0	0.0	0.0
86	2703.237777777778	0.0	0.0	0.0
87	2676.0733333333333	0.0	0.0	0.0
88	2688.1902777777777	0.0	0.0	0.0
89	2714.3544444444447	0.0	0.0	0.0
90	2692.2638888888887	0.0	0.0	0.0
91	2680.932222222222	0.0	0.0	0.0
92	2692.1641666666665	0.0	0.0	0.0
93	2690.2625	0.0	0.0	0.0
94	2688.9436111111113	0.0	0.0	0.0
95	2671.741666666667	0.0	0.0	0.0
96	2669.768611111111	0.0	0.0	0.0
97	2668.8419444444444	0.0	0.0	0.0
98	2663.8277777777776	0.0	0.0	0.0
99	2662.841388888889	0.0	0.0	0.0
100	2669.423888888889	0.0	0.0	0.0
101	2684.6833333333334	0.0	0.0	0.0
102	2678.14	0.0	0.0	0.0
103	2693.2652777777776	0.0	0.0	0.0
104	2699.7291666666665	0.0	0.0	0.0
105	2680.8580555555554	0.0	0.0	0.0
106	2668.6541666666667	0.0	0.0	0.0
107	2670.1866666666665	0.0	0.0	0.0
108	2675.0269444444443	0.0	0.0	0.0
109	2673.217222222222	0.0	0.0	0.0
110	2701.8702777777776	0.0	0.0	0.0
111	2717.076666666667	0.0	0.0	0.0
112	2711.235277777778	0.0	0.0	0.0
113	2712.1877777777777	0.0	0.0	0.0
114	2701.6341666666667	0.0	0.0	0.0
115	2683.4155555555553	0.0	0.0	0.0
116	2679.2897222222223	0.0	0.0	0.0
117	2700.0108333333333	0.0	0.0	0.0
118	2700.051388888889	0.0	0.0	0.0
119	2683.9147222222223	0.0	0.0	0.0
120	2684.9191666666666	0.0	0.0	0.0
121	2694.182222222222	0.0	0.0	0.0
122	2676.9530555555557	0.0	0.0	0.0
123	2689.81	0.0	0.0	0.0
124	2697.791111111111	0.0	0.0	0.0
125	2694.5852777777777	0.0	0.0	0.0
126	2719.8258333333333	0.0	0.0	0.0
127	2680.701666666667	0.0	0.0	0.0
128	2713.985833333333	0.0	0.0	0.0
129	2701.508333333333	0.0	0.0	0.0
130	2663.1030555555553	0.0	0.0	0.0
131	2684.112222222222	0.0	0.0	0.0
132	2682.701111111111	0.0	0.0	0.0
133	2679.6866666666665	0.0	0.0	0.0
134	2681.8044444444445	0.0	0.0	0.0
135	2656.3977777777777	0.0	0.0	0.0
136	2688.4347222222223	0.0	0.0	0.0
137	2660.2025	0.0	0.0	0.0
138	2649.9391666666666	0.0	0.0	0.0
139	2657.913888888889	0.0	0.0	0.0
140	2660.402222222222	0.0	0.0	0.0
141	2685.78	0.0	0.0	0.0
142	2690.4419444444443	0.0	0.0	0.0
143	2691.7955555555554	0.0	0.0	0.0
144	2687.3108333333334	0.0	0.0	0.0
145	2679.9075	0.0	0.0	0.0
146	2690.501388888889	0.0	0.0	0.0
147	2696.323611111111	0.0	0.0	0.0
148	2690.527222222222	0.0	0.0	0.0
149	2685.41	0.0	0.0	0.0
150	2692.5330555555556	0.0	0.0	0.0
151	2678.6025	0.0	0.0	0.0
152	2673.533611111111	0.0	0.0	0.0
153	2677.4327777777776	0.0	0.0	0.0
154	2648.09	0.0	0.0	0.0
155	2694.9791666666665	0.0	0.0	0.0
156	2655.486388888889	0.0	0.0	0.0
157	2665.973611111111	0.0	0.0	0.0
158	2665.7675	0.0	0.0	0.0
159	2678.3358333333335	0.0	0.0	0.0
160	2671.5675	0.0	0.0	0.0
161	2666.7116666666666	0.0	0.0	0.0
162	2676.8966666666665	0.0	0.0	0.0
163	2672.552222222222	0.0	0.0	0.0
164	2665.31	0.0	0.0	0.0
165	2711.4558333333334	0.0	0.0	0.0
166	2692.672777777778	0.0	0.0	0.0
167	2683.5005555555554	0.0	0.0	0.0
168	2678.671388888889	0.0	0.0	0.0
169	2686.235	0.0	0.0	0.0
170	2677.5066666666667	0.0	0.0	0.0
171	2697.4377777777777	0.0	0.0	0.0
172	2713.9738888888887	0.0	0.0	0.0
173	2690.4011111111113	0.0	0.0	0.0
174	2670.548888888889	0.0	0.0	0.0
175	2701.662222222222	0.0	0.0	0.0
176	2680.2916666666665	0.0	0.0	0.0
177	2699.0294444444444	0.0	0.0	0.0
178	2691.0047222222224	0.0	0.0	0.0
179	2675.6555555555556	0.0	0.0	0.0
180	2684.7238888888887	0.0	0.0	0.0
181	2696.4169444444447	0.0	0.0	0.0
182	2731.19	0.0	0.0	0.0
183	2704.945833333333	0.0	0.0	0.0
184	2693.454166666667	0.0	0.0	0.0
185	2707.9258333333332	0.0	0.0	0.0
186	2673.653888888889	0.0	0.0	0.0
187	2700.7805555555556	0.0	0.0	0.0
188	2680.7880555555557	0.0	0.0	0.0
189	2674.016111111111	0.0	0.0	0.0
190	2670.5719444444444	0.0	0.0	0.0
191	2679.5580555555557	0.0	0.0	0.0
192	2670.8769444444442	0.0	0.0	0.0
193	2672.5425	0.0	0.0	0.0
194	2685.6419444444446	0.0	0.0	0.0
195	2688.7944444444443	0.0	0.0	0.0
196	2669.7105555555554	0.0	0.0	0.0
197	2684.9369444444446	0.0	0.0	0.0
198	2693.793888888889	0.0	0.0	0.0
199	2668.8591666666666	0.0	0.0	0.0
200	2679.007222222222	0.0	0.0	0.0
201	2685.3688888888887	0.0	0.0	0.0
202	2679.7825	0.0	0.0	0.0
203	2687.2438888888887	0.0	0.0	0.0
204	2702.6766666666667	0.0	0.0	0.0
205	2707.0955555555556	0.0	0.0	0.0
206	2699.6608333333334	0.0	0.0	0.0
207	2680.0394444444446	0.0	0.0	0.0
208	2710.1130555555555	0.0	0.0	0.0
209	2676.6094444444443	0.0	0.0	0.0
210	2676.428888888889	0.0	0.0	0.0
211	2687.9572222222223	0.0	0.0	0.0
212	2681.6008333333334	0.0	0.0	0.0
213	2679.561388888889	0.0	0.0	0.0
214	2689.0866666666666	0.0	0.0	0.0
215	2693.0694444444443	0.0	0.0	0.0
216	2713.7180555555556	0.0	0.0	0.0
217	2689.9294444444445	0.0	0.0	0.0
218	2703.1558333333332	0.0	0.0	0.0
219	2703.618611111111	0.0	0.0	0.0
220	2700.0247222222224	0.0	0.0	0.0
221	2685.2255555555557	0.0	0.0	0.0
222	2707.1916666666666	0.0	0.0	0.0
223	2694.6341666666667	0.0	0.0	0.0
224	2704.342777777778	0.0	0.0	0.0
225	2709.4025	0.0	0.0	0.0
226	2692.355	0.0	0.0	0.0
227	2683.0375	0.0	0.0	0.0
228	2694.623888888889	0.0	0.0	0.0
229	2676.125	0.0	0.0	0.0
230	2699.1069444444443	0.0	0.0	0.0
231	2684.8077777777776	0.0	0.0	0.0
232	2707.1969444444444	0.0	0.0	0.0
233	2691.445	0.0	0.0	0.0
234	2680.804722222222	0.0	0.0	0.0
235	2673.2225	0.0	0.0	0.0
236	2668.9366666666665	0.0	0.0	0.0
237	2676.4597222222224	0.0	0.0	0.0
238	2694.244722222222	0.0	0.0	0.0
239	2679.4127777777776	0.0	0.0	0.0
240	2674.9938888888887	0.0	0.0	0.0
241	2681.9655555555555	0.0	0.0	0.0
242	2700.5227777777777	0.0	0.0	0.0
243	2697.4505555555556	0.0	0.0	0.0
244	2684.946388888889	0.0	0.0	0.0
245	2679.1919444444443	0.0	0.0	0.0
246	2682.6005555555557	0.0	0.0	0.0
247	2687.6047222222223	0.0	0.0	0.0
248	2674.177777777778	0.0	0.0	0.0
249	2676.4383333333335	0.0	0.0	0.0
250	2679.465833333333	0.0	0.0	0.0
251	2677.1375	0.0	0.0	0.0
252	2669.5155555555557	0.0	0.0	0.0
253	2679.264166666667	0.0	0.0	0.0
254	2673.677777777778	0.0	0.0	0.0
255	2682.636111111111	0.0	0.0	0.0
256	2677.963333333333	0.0	0.0	0.0
257	2698.1266666666666	0.0	0.0	0.0
258	2670.3555555555554	0.0	0.0	0.0
259	2673.4777777777776	0.0	0.0	0.0
260	2697.1097222222224	0.0	0.0	0.0
261	2692.552222222222	0.0	0.0	0.0
262	2675.19	0.0	0.0	0.0
263	2684.548333333333	0.0	0.0	0.0
264	2670.7383333333332	0.0	0.0	0.0
265	2681.7561111111113	0.0	0.0	0.0
266	2681.5216666666665	0.0	0.0	0.0
267	2679.1494444444443	0.0	0.0	0.0
268	2685.2677777777776	0.0	0.0	0.0
269	2686.5419444444447	0.0	0.0	0.0
270	2708.4219444444443	0.0	0.0	0.0
271	2697.985277777778	0.0	0.0	0.0
272	2682.7483333333334	0.0	0.0	0.0
273	2676.1469444444447	0.0	0.0	0.0
274	2664.1380555555556	0.0	0.0	0.0
275	2671.3411111111113	0.0	0.0	0.0
276	2675.19	0.0	0.0	0.0
277	2675.7894444444446	0.0	0.0	0.0
278	2684.6355555555556	0.0	0.0	0.0
279	2671.623611111111	0.0	0.0	0.0
280	2672.494722222222	0.0	0.0	0.0
281	2674.4861111111113	0.0	0.0	0.0
282	2667.896388888889	0.0	0.0	0.0
283	2664.201111111111	0.0	0.0	0.0
284	2676.0911111111113	0.0	0.0	0.0
285	2669.4177777777777	0.0	0.0	0.0
286	2672.4391666666666	0.0	0.0	0.0
287	2678.5355555555557	0.0	0.0	0.0
288	2694.241388888889	0.0	0.0	0.0
289	2695.8811111111113	0.0	0.0	0.0
290	2677.078611111111	0.0	0.0	0.0
291	2670.4980555555558	0.0	0.0	0.0
292	2657.2366666666667	0.0	0.0	0.0
293	2678.7975	0.0	0.0	0.0
294	2682.3094444444446	0.0	0.0	0.0
295	2689.212777777778	0.0	0.0	0.0
296	2687.408611111111	0.0	0.0	0.0
297	2682.0475	0.0	0.0	0.0
298	2681.9836111111113	0.0	0.0	0.0
299	2686.1272222222224	0.0	0.0	0.0
300	2695.8997222222224	0.0	0.0	0.0
301	2689.853888888889	0.0	0.0	0.0
302	2678.775277777778	0.0	0.0	0.0
303	2700.027777777778	0.0	0.0	0.0
304	2686.5627777777777	0.0	0.0	0.0
305	2688.063611111111	0.0	0.0	0.0
306	2684.2619444444445	0.0	0.0	0.0
307	2697.797777777778	0.0	0.0	0.0
308	2689.5422222222223	0.0	0.0	0.0
309	2676.3552777777777	0.0	0.0	0.0
310	2694.613888888889	0.0	0.0	0.0
311	2669.0005555555554	0.0	0.0	0.0
312	2680.4705555555556	0.0	0.0	0.0
313	2669.533611111111	0.0	0.0	0.0
314	2683.343611111111	0.0	0.0	0.0
315	2671.5533333333333	0.0	0.0	0.0
316	2655.6494444444443	0.0	0.0	0.0
317	2663.1180555555557	0.0	0.0	0.0
318	2667.0125	0.0	0.0	0.0
319	2690.2302777777777	0.0	0.0	0.0
320	2687.2302777777777	0.0	0.0	0.0
321	2675.5675	0.0	0.0	0.0
322	2673.686388888889	0.0	0.0	0.0
323	2667.4566666666665	0.0	0.0	0.0
324	2667.568333333333	0.0	0.0	0.0
325	2690.563888888889	0.0	0.0	0.0
326	2677.9355555555558	0.0	0.0	0.0
327	2682.1505555555555	0.0	0.0	0.0
328	2682.9572222222223	0.0	0.0	0.0
329	2672.5930555555556	0.0	0.0	0.0
330	2678.7183333333332	0.0	0.0	0.0
331	2698.8169444444443	0.0	0.0	0.0
332	2666.5705555555555	0.0	0.0	0.0
333	2683.4555555555557	0.0	0.0	0.0
334	2681.0569444444445	0.0	0.0	0.0
335	2658.9044444444444	0.0	0.0	0.0
336	2668.4619444444443	0.0	0.0	0.0
337	2672.051111111111	0.0	0.0	0.0
338	2675.0383333333334	0.0	0.0	0.0
339	2682.63	0.0	0.0	0.0
340	2688.518611111111	0.0	0.0	0.0
341	2683.5461111111113	0.0	0.0	0.0
342	2702.363611111111	0.0	0.0	0.0
343	2697.047777777778	0.0	0.0	0.0
344	2672.5788888888887	0.0	0.0	0.0
345	2677.6119444444444	0.0	0.0	0.0
346	2671.458611111111	0.0	0.0	0.0
347	2666.88	0.0	0.0	0.0
348	2670.025833333333	0.0	0.0	0.0
349	2673.4783333333335	0.0	0.0	0.0
350	2679.3194444444443	0.0	0.0	0.0
351	2684.9075	0.0	0.0	0.0
352	2683.244722222222	0.0	0.0	0.0
353	2665.0744444444445	0.0	0.0	0.0
354	2668.8644444444444	0.0	0.0	0.0
355	2668.961388888889	0.0	0.0	0.0
356	2671.613888888889	0.0	0.0	0.0
357	2675.389722222222	0.0	0.0	0.0
358	2661.8352777777777	0.0	0.0	0.0
359	2674.685	0.0	0.0	0.0
360	2670.1969444444444	0.0	0.0	0.0
361	2677.4708333333333	0.0	0.0	0.0
362	2674.4219444444443	0.0	0.0	0.0
363	2671.4258333333332	0.0	0.0	0.0
364	2680.1922222222224	0.0	0.0	0.0
365	2701.134722222222	0.0	0.0	0.0
366	2695.421388888889	0.0	0.0	0.0
367	2680.8125	0.0	0.0	0.0
368	2664.8166666666666	0.0	0.0	0.0
369	2680.567777777778	0.0	0.0	0.0
370	2669.740277777778	0.0	0.0	0.0
371	2676.7741666666666	0.0	0.0	0.0
372	2672.2902777777776	0.0	0.0	0.0
373	2668.0305555555556	0.0	0.0	0.0
374	2674.7919444444447	0.0	0.0	0.0
375	2693.0847222222224	0.0	0.0	0.0
376	2687.3091666666664	0.0	0.0	0.0
377	2660.174722222222	0.0	0.0	0.0
378	2687.9172222222223	0.0	0.0	0.0
379	2691.6694444444443	0.0	0.0	0.0
380	2669.720277777778	0.0	0.0	0.0
381	2669.876111111111	0.0	0.0	0.0
382	2685.153888888889	0.0	0.0	0.0
383	2687.721111111111	0.0	0.0	0.0
384	2682.985	0.0	0.0	0.0
385	2680.027222222222	0.0	0.0	0.0
386	2654.4577777777777	0.0	0.0	0.0
387	2684.2297222222223	0.0	0.0	0.0
388	2679.0627777777777	0.0	0.0	0.0
389	2667.4766666666665	0.0	0.0	0.0
390	2657.883333333333	0.0	0.0	0.0
391	2665.8522222222223	0.0	0.0	0.0
392	2662.4355555555558	0.0	0.0	0.0
393	2678.2297222222223	0.0	0.0	0.0
394	2678.3816666666667	0.0	0.0	0.0
395	2673.844722222222	0.0	0.0	0.0
396	2699.6608333333334	0.0	0.0	0.0
397	2678.5825	0.0	0.0	0.0
398	2684.9133333333334	0.0	0.0	0.0
399	2687.2922222222223	0.0	0.0	0.0
400	2678.7238888888887	0.0	0.0	0.0
401	2673.9955555555557	0.0	0.0	0.0
402	2665.9377777777777	0.0	0.0	0.0
403	2688.6588888888887	0.0	0.0	0.0
404	2695.3327777777777	0.0	0.0	0.0
405	2678.2630555555556	0.0	0.0	0.0
406	2690.448888888889	0.0	0.0	0.0
407	2655.3777777777777	0.0	0.0	0.0
408	2681.848611111111	0.0	0.0	0.0
409	2674.0847222222224	0.0	0.0	0.0
410	2678.4469444444444	0.0	0.0	0.0
411	2663.3680555555557	0.0	0.0	0.0
412	2683.478611111111	0.0	0.0	0.0
413	2665.6647222222223	0.0	0.0	0.0
414	2669.5847222222224	0.0	0.0	0.0
415	2661.461111111111	0.0	0.0	0.0
416	2688.797777777778	0.0	0.0	0.0
417	2660.3983333333335	0.0	0.0	0.0
418	2671.5363888888887	0.0	0.0	0.0
419	2684.8441666666668	0.0	0.0	0.0
420	2667.6925	0.0	0.0	0.0
421	2664.4538888888887	0.0	0.0	0.0
422	2670.548888888889	0.0	0.0	0.0
423	2679.9830555555554	0.0	0.0	0.0
424	2664.9891666666667	0.0	0.0	0.0
425	2690.123611111111	0.0	0.0	0.0
426	2695.7608333333333	0.0	0.0	0.0
427	2668.0202777777777	0.0	0.0	0.0
428	2658.503888888889	0.0	0.0	0.0
429	2680.8391666666666	0.0	0.0	0.0
430	2682.5805555555557	0.0	0.0	0.0
431	2669.9308333333333	0.0	0.0	0.0
432	2661.1483333333335	0.0	0.0	0.0
433	2680.3841666666667	0.0	0.0	0.0
434	2690.3094444444446	0.0	0.0	0.0
435	2682.9519444444445	0.0	0.0	0.0
436	2677.9255555555555	0.0	0.0	0.0
437	2665.302222222222	0.0	0.0	0.0
438	2695.4755555555557	0.0	0.0	0.0
439	2676.9616666666666	0.0	0.0	0.0
440	2668.3980555555554	0.0	0.0	0.0
441	2689.8569444444443	0.0	0.0	0.0
442	2684.0919444444444	0.0	0.0	0.0
443	2696.2361111111113	0.0	0.0	0.0
444	2674.8127777777777	0.0	0.0	0.0
445	2688.288611111111	0.0	0.0	0.0
446	2670.7466666666664	0.0	0.0	0.0
447	2683.1119444444444	0.0	0.0	0.0
448	2662.8219444444444	0.0	0.0	0.0
449	2660.6366666666668	0.0	0.0	0.0
450	2661.156111111111	0.0	0.0	0.0
451	2686.9275	0.0	0.0	0.0
452	2664.597777777778	0.0	0.0	0.0
453	2678.0233333333335	0.0	0.0	0.0
454	2658.4525	0.0	0.0	0.0
455	2658.633888888889	0.0	0.0	0.0
456	2662.0563888888887	0.0	0.0	0.0
457	2660.8244444444445	0.0	0.0	0.0
458	2667.496111111111	0.0	0.0	0.0
459	2678.4441666666667	0.0	0.0	0.0
460	2663.489722222222	0.0	0.0	0.0
461	2671.177222222222	0.0	0.0	0.0
462	2678.5377777777776	0.0	0.0	0.0
463	2680.606388888889	0.0	0.0	0.0
464	2675.3025	0.0	0.0	0.0
465	2683.554722222222	0.0	0.0	0.0
466	2679.533611111111	0.0	0.0	0.0
467	2667.2561111111113	0.0	0.0	0.0
468	2723.346111111111	0.0	0.0	0.0
469	2676.6058333333335	0.0	0.0	0.0
470	2686.1855555555558	0.0	0.0	0.0
471	2681.8805555555555	0.0	0.0	0.0
472	2682.573611111111	0.0	0.0	0.0
473	2681.453611111111	0.0	0.0	0.0
474	2668.4391666666666	0.0	0.0	0.0
475	2666.3580555555554	0.0	0.0	0.0
476	2676.3108333333334	0.0	0.0	0.0
477	2676.9908333333333	0.0	0.0	0.0
478	2681.135	0.0	0.0	0.0
479	2696.008888888889	0.0	0.0	0.0
480	2660.8655555555556	0.0	0.0	0.0
481	2679.9805555555554	0.0	0.0	0.0
482	2676.5255555555555	0.0	0.0	0.0
483	2671.9088888888887	0.0	0.0	0.0
484	2671.7780555555555	0.0	0.0	0.0
485	2660.6344444444444	0.0	0.0	0.0
486	2653.2	0.0	0.0	0.0
487	2678.9319444444445	0.0	0.0	0.0
488	2680.719722222222	0.0	0.0	0.0
489	2696.9619444444443	0.0	0.0	0.0
490	2686.3327777777777	0.0	0.0	0.0
491	2667.3058333333333	0.0	0.0	0.0
492	2678.7325	0.0	0.0	0.0
493	2693.6405555555557	0.0	0.0	0.0
494	2681.8125	0.0	0.0	0.0
495	2694.003888888889	0.0	0.0	0.0
496	2669.5380555555557	0.0	0.0	0.0
497	2689.9011111111113	0.0	0.0	0.0
498	2681.438888888889	0.0	0.0	0.0
499	2688.7522222222224	0.0	0.0	0.0
500	2663.072222222222	0.0	0.0	0.0
501	2675.867777777778	0.0	0.0	0.0
502	2679.095277777778	0.0	0.0	0.0
503	2657.511111111111	0.0	0.0	0.0
504	2657.716388888889	0.0	0.0	0.0
505	2667.4905555555556	0.0	0.0	0.0
506	2671.1455555555553	0.0	0.0	0.0
507	2675.7455555555557	0.0	0.0	0.0
508	2675.821388888889	0.0	0.0	0.0
509	2655.116666666667	0.0	0.0	0.0
510	2671.7205555555556	0.0	0.0	0.0
511	2653.0005555555554	0.0	0.0	0.0
512	2662.7819444444444	0.0	0.0	0.0
513	2653.0730555555556	0.0	0.0	0.0
514	2678.7480555555558	0.0	0.0	0.0
515	2685.5955555555556	0.0	0.0	0.0
516	2687.285	0.0	0.0	0.0
517	2668.116111111111	0.0	0.0	0.0
518	2660.429166666667	0.0	0.0	0.0
519	2650.2838888888887	0.0	0.0	0.0
520	2665.965833333333	0.0	0.0	0.0
521	2664.553611111111	0.0	0.0	0.0
522	2659.8913888888887	0.0	0.0	0.0
523	2680.949722222222	0.0	0.0	0.0
524	2677.170833333333	0.0	0.0	0.0
525	2695.7375	0.0	0.0	0.0
526	2664.1730555555555	0.0	0.0	0.0
527	2679.991111111111	0.0	0.0	0.0
528	2675.922777777778	0.0	0.0	0.0
529	2671.3	0.0	0.0	0.0
530	2673.6883333333335	0.0	0.0	0.0
531	2684.5855555555554	0.0	0.0	0.0
532	2686.5533333333333	0.0	0.0	0.0
533	2687.936388888889	0.0	0.0	0.0
534	2662.382777777778	0.0	0.0	0.0
535	2661.5344444444445	0.0	0.0	0.0
536	2675.2580555555555	0.0	0.0	0.0
537	2660.3386111111113	0.0	0.0	0.0
538	2661.9391666666666	0.0	0.0	0.0
539	2665.9680555555556	0.0	0.0	0.0
540	2672.650277777778	0.0	0.0	0.0
541	2683.7961111111113	0.0	0.0	0.0
542	2663.1594444444445	0.0	0.0	0.0
543	2659.9152777777776	0.0	0.0	0.0
544	2669.3319444444446	0.0	0.0	0.0
545	2675.4802777777777	0.0	0.0	0.0
546	2653.981388888889	0.0	0.0	0.0
547	2667.5019444444442	0.0	0.0	0.0
548	2675.9694444444444	0.0	0.0	0.0
549	2679.5716666666667	0.0	0.0	0.0
550	2682.1027777777776	0.0	0.0	0.0
551	2662.3980555555554	0.0	0.0	0.0
552	2693.49	0.0	0.0	0.0
553	2690.7794444444444	0.0	0.0	0.0
554	2686.976111111111	0.0	0.0	0.0
555	2680.3341666666665	0.0	0.0	0.0
556	2675.9644444444443	0.0	0.0	0.0
557	2688.2169444444444	0.0	0.0	0.0
558	2682.7791666666667	0.0	0.0	0.0
559	2670.6911111111112	0.0	0.0	0.0
560	2681.8702777777776	0.0	0.0	0.0
561	2649.1830555555557	0.0	0.0	0.0
562	2668.3611111111113	0.0	0.0	0.0
563	2668.550277777778	0.0	0.0	0.0
564	2679.2394444444444	0.0	0.0	0.0
565	2672.699722222222	0.0	0.0	0.0
566	2689.145	0.0	0.0	0.0
567	2681.066388888889	0.0	0.0	0.0
568	2681.839722222222	0.0	0.0	0.0
569	2682.0525	0.0	0.0	0.0
570	2678.423333333333	0.0	0.0	0.0
571	2662.6394444444445	0.0	0.0	0.0
572	2662.418888888889	0.0	0.0	0.0
573	2674.139722222222	0.0	0.0	0.0
574	2667.8172222222224	0.0	0.0	0.0
575	2669.1005555555557	0.0	0.0	0.0
576	2679.4569444444446	0.0	0.0	0.0
577	2671.896111111111	0.0	0.0	0.0
578	2663.5783333333334	0.0	0.0	0.0
579	2687.2033333333334	0.0	0.0	0.0
580	2688.621111111111	0.0	0.0	0.0
581	2678.3944444444446	0.0	0.0	0.0
582	2675.787222222222	0.0	0.0	0.0
583	2688.9475	0.0	0.0	0.0
584	2685.4319444444445	0.0	0.0	0.0
585	2663.7922222222223	0.0	0.0	0.0
586	2672.8830555555555	0.0	0.0	0.0
587	2658.012222222222	0.0	0.0	0.0
588	2658.447777777778	0.0	0.0	0.0
589	2646.7030555555557	0.0	0.0	0.0
590	2662.237222222222	0.0	0.0	0.0
591	2656.763611111111	0.0	0.0	0.0
592	2649.242777777778	0.0	0.0	0.0
593	2666.4155555555553	0.0	0.0	0.0
594	2676.9666666666667	0.0	0.0	0.0
595	2670.6272222222224	0.0	0.0	0.0
596	2667.1883333333335	0.0	0.0	0.0
597	2666.258333333333	0.0	0.0	0.0
598	2657.7269444444446	0.0	0.0	0.0
599	2670.535	0.0	0.0	0.0
600	2677.8380555555555	0.0	0.0	0.0
601	2689.6830555555557	0.0	0.0	0.0
602	2670.948611111111	0.0	0.0	0.0
603	2682.4094444444445	0.0	0.0	0.0
604	2686.574722222222	0.0	0.0	0.0
605	2670.8277777777776	0.0	0.0	0.0
606	2666.653333333333	0.0	0.0	0.0
607	2670.8944444444446	0.0	0.0	0.0
608	2674.2252777777776	0.0	0.0	0.0
609	2683.950277777778	0.0	0.0	0.0
610	2696.5261111111113	0.0	0.0	0.0
611	2670.1905555555554	0.0	0.0	0.0
612	2679.8033333333333	0.0	0.0	0.0
613	2686.950277777778	0.0	0.0	0.0
614	2676.6316666666667	0.0	0.0	0.0
615	2660.6430555555557	0.0	0.0	0.0
616	2664.1008333333334	0.0	0.0	0.0
617	2693.4908333333333	0.0	0.0	0.0
618	2674.975	0.0	0.0	0.0
619	2676.6480555555554	0.0	0.0	0.0
620	2700.638611111111	0.0	0.0	0.0
621	2684.7775	0.0	0.0	0.0
622	2662.3844444444444	0.0	0.0	0.0
623	2682.7208333333333	0.0	0.0	0.0
624	2682.319722222222	0.0	0.0	0.0
625	2674.0144444444445	0.0	0.0	0.0
626	2702.6897222222224	0.0	0.0	0.0
627	2665.2366666666667	0.0	0.0	0.0
628	2699.966388888889	0.0	0.0	0.0
629	2694.3244444444445	0.0	0.0	0.0
630	2664.3683333333333	0.0	0.0	0.0
631	2680.4169444444447	0.0	0.0	0.0
632	2682.7027777777776	0.0	0.0	0.0
633	2681.2994444444444	0.0	0.0	0.0
634	2692.994722222222	0.0	0.0	0.0
635	2684.7030555555557	0.0	0.0	0.0
636	2684.4402777777777	0.0	0.0	0.0
637	2694.091388888889	0.0	0.0	0.0
638	2668.463888888889	0.0	0.0	0.0
639	2680.415	0.0	0.0	0.0
640	2678.5555555555557	0.0	0.0	0.0
641	2682.311388888889	0.0	0.0	0.0
642	2668.5319444444444	0.0	0.0	0.0
643	2693.2477777777776	0.0	0.0	0.0
644	2690.1241666666665	0.0	0.0	0.0
645	2688.4141666666665	0.0	0.0	0.0
646	2675.8547222222223	0.0	0.0	0.0
647	2684.474166666667	0.0	0.0	0.0
648	2693.458611111111	0.0	0.0	0.0
649	2680.096666666667	0.0	0.0	0.0
650	2691.3369444444443	0.0	0.0	0.0
651	2702.988888888889	0.0	0.0	0.0
652	2700.1855555555558	0.0	0.0	0.0
653	2686.703611111111	0.0	0.0	0.0
654	2653.030277777778	0.0	0.0	0.0
655	2678.3075	0.0	0.0	0.0
656	2661.1813888888887	0.0	0.0	0.0
657	2654.5880555555555	0.0	0.0	0.0
658	2698.2144444444443	0.0	0.0	0.0
659	2683.8005555555555	0.0	0.0	0.0
660	2686.762777777778	0.0	0.0	0.0
661	2665.4177777777777	0.0	0.0	0.0
662	2679.426111111111	0.0	0.0	0.0
663	2704.2108333333335	0.0	0.0	0.0
664	2687.740277777778	0.0	0.0	0.0
665	2663.3444444444444	0.0	0.0	0.0
666	2671.0825	0.0	0.0	0.0
667	2679.768611111111	0.0	0.0	0.0
668	2671.1566666666668	0.0	0.0	0.0
669	2667.4408333333336	0.0	0.0	0.0
670	2659.7705555555553	0.0	0.0	0.0
671	2654.2544444444443	0.0	0.0	0.0
672	2677.7452777777776	0.0	0.0	0.0
673	2663.3713888888888	0.0	0.0	0.0
674	2677.7919444444447	0.0	0.0	0.0
675	2674.301388888889	0.0	0.0	0.0
676	2683.6805555555557	0.0	0.0	0.0
677	2689.356388888889	0.0	0.0	0.0
678	2702.7916666666665	0.0	0.0	0.0
679	2697.1016666666665	0.0	0.0	0.0
680	2698.2166666666667	0.0	0.0	0.0
681	2674.875	0.0	0.0	0.0
682	2671.6794444444445	0.0	0.0	0.0
683	2654.0391666666665	0.0	0.0	0.0
684	2672.9744444444445	0.0	0.0	0.0
685	2659.4705555555556	0.0	0.0	0.0
686	2664.471111111111	0.0	0.0	0.0
687	2675.918888888889	0.0	0.0	0.0
688	2679.3255555555556	0.0	0.0	0.0
689	2680.182222222222	0.0	0.0	0.0
690	2681.494722222222	0.0	0.0	0.0
691	2668.2730555555554	0.0	0.0	0.0
692	2664.1169444444445	0.0	0.0	0.0
693	2669.2655555555557	0.0	0.0	0.0
694	2693.516111111111	0.0	0.0	0.0
695	2691.5197222222223	0.0	0.0	0.0
696	2668.991111111111	0.0	0.0	0.0
697	2653.238611111111	0.0	0.0	0.0
698	2669.4480555555556	0.0	0.0	0.0
699	2675.4816666666666	0.0	0.0	0.0
700	2694.043611111111	0.0	0.0	0.0
701	2704.426388888889	0.0	0.0	0.0
702	2691.6936111111113	0.0	0.0	0.0
703	2693.0061111111113	0.0	0.0	0.0
704	2683.216388888889	0.0	0.0	0.0
705	2681.716388888889	0.0	0.0	0.0
706	2708.0344444444445	0.0	0.0	0.0
707	2677.23	0.0	0.0	0.0
708	2689.4066666666668	0.0	0.0	0.0
709	2680.8575	0.0	0.0	0.0
710	2647.7927777777777	0.0	0.0	0.0
711	2673.405277777778	0.0	0.0	0.0
712	2677.7744444444443	0.0	0.0	0.0
713	2682.4552777777776	0.0	0.0	0.0
714	2677.8655555555556	0.0	0.0	0.0
715	2696.301388888889	0.0	0.0	0.0
716	2682.2019444444445	0.0	0.0	0.0
717	2689.3825	0.0	0.0	0.0
718	2686.1755555555555	0.0	0.0	0.0
719	2667.4975	0.0	0.0	0.0
720	2687.925277777778	0.0	0.0	0.0
721	2667.2466666666664	0.0	0.0	0.0
722	2671.6891666666666	0.0	0.0	0.0
723	2685.764722222222	0.0	0.0	0.0
724	2681.1022222222223	0.0	0.0	0.0
725	2675.0530555555556	0.0	0.0	0.0
726	2673.5036111111112	0.0	0.0	0.0
727	2682.802222222222	0.0	0.0	0.0
728	2686.8894444444445	0.0	0.0	0.0
729	2701.761111111111	0.0	0.0	0.0
730	2681.2675	0.0	0.0	0.0
731	2685.221111111111	0.0	0.0	0.0
732	2691.463888888889	0.0	0.0	0.0
733	2695.8130555555554	0.0	0.0	0.0
734	2667.4466666666667	0.0	0.0	0.0
735	2683.9783333333335	0.0	0.0	0.0
736	2683.6841666666664	0.0	0.0	0.0
737	2694.4558333333334	0.0	0.0	0.0
738	2693.412222222222	0.0	0.0	0.0
739	2686.3569444444443	0.0	0.0	0.0
740	2695.344722222222	0.0	0.0	0.0
741	2689.9569444444446	0.0	0.0	0.0
742	2692.2825	0.0	0.0	0.0
743	2687.674722222222	0.0	0.0	0.0
744	2701.9866666666667	0.0	0.0	0.0
745	2679.0430555555554	0.0	0.0	0.0
746	2670.2616666666668	0.0	0.0	0.0
747	2684.018611111111	0.0	0.0	0.0
748	2696.329166666667	0.0	0.0	0.0
749	2699.6394444444445	0.0	0.0	0.0
750	2680.387222222222	0.0	0.0	0.0
751	2686.921388888889	0.0	0.0	0.0
752	2710.8225	0.0	0.0	0.0
753	2714.751388888889	0.0	0.0	0.0
754	2704.5069444444443	0.0	0.0	0.0
755	2690.8880555555556	0.0	0.0	0.0
756	2691.3933333333334	0.0	0.0	0.0
757	2712.8430555555556	0.0	0.0	0.0
758	2709.820833333333	0.0	0.0	0.0
759	2695.8955555555553	0.0	0.0	0.0
760	2682.889166666667	0.0	0.0	0.0
761	2712.326666666667	0.0	0.0	0.0
762	2693.3294444444446	0.0	0.0	0.0
763	2704.3502777777776	0.0	0.0	0.0
764	2707.0069444444443	0.0	0.0	0.0
765	2711.031388888889	0.0	0.0	0.0
766	2699.79	0.0	0.0	0.0
767	2696.481111111111	0.0	0.0	0.0
768	2707.5955555555556	0.0	0.0	0.0
769	2693.9958333333334	0.0	0.0	0.0
770	2692.8108333333334	0.0	0.0	0.0
771	2705.994722222222	0.0	0.0	0.0
772	2683.8483333333334	0.0	0.0	0.0
773	2716.7066666666665	0.0	0.0	0.0
774	2696.5833333333335	0.0	0.0	0.0
775	2682.5305555555556	0.0	0.0	0.0
776	2693.5261111111113	0.0	0.0	0.0
777	2692.266111111111	0.0	0.0	0.0
778	2699.1066666666666	0.0	0.0	0.0
779	2666.1183333333333	0.0	0.0	0.0
780	2659.5808333333334	0.0	0.0	0.0
781	2681.9802777777777	0.0	0.0	0.0
782	2670.9566666666665	0.0	0.0	0.0
783	2694.1991666666668	0.0	0.0	0.0
784	2690.705	0.0	0.0	0.0
785	2678.113888888889	0.0	0.0	0.0
786	2690.5	0.0	0.0	0.0
787	2674.7891666666665	0.0	0.0	0.0
788	2674.4058333333332	0.0	0.0	0.0
789	2667.906388888889	0.0	0.0	0.0
790	2673.3591666666666	0.0	0.0	0.0
791	2689.6677777777777	0.0	0.0	0.0
792	2681.7105555555554	0.0	0.0	0.0
793	2676.6466666666665	0.0	0.0	0.0
794	2686.663888888889	0.0	0.0	0.0
795	2684.9269444444444	0.0	0.0	0.0
796	2678.9416666666666	0.0	0.0	0.0
797	2676.216388888889	0.0	0.0	0.0
798	2683.101111111111	0.0	0.0	0.0
799	2677.1555555555556	0.0	0.0	0.0
800	2664.467777777778	0.0	0.0	0.0
801	2693.3544444444447	0.0	0.0	0.0
802	2687.8091666666664	0.0	0.0	0.0
803	2686.535	0.0	0.0	0.0
804	2668.3655555555556	0.0	0.0	0.0
805	2700.5647222222224	0.0	0.0	0.0
806	2676.1630555555557	0.0	0.0	0.0
807	2690.186111111111	0.0	0.0	0.0
808	2672.1105555555555	0.0	0.0	0.0
809	2678.895	0.0	0.0	0.0
810	2687.712777777778	0.0	0.0	0.0
811	2682.5025	0.0	0.0	0.0
812	2676.637777777778	0.0	0.0	0.0
813	2674.4075	0.0	0.0	0.0
814	2681.9494444444445	0.0	0.0	0.0
815	2684.1975	0.0	0.0	0.0
816	2672.9172222222223	0.0	0.0	0.0
817	2703.1652777777776	0.0	0.0	0.0
818	2678.2219444444445	0.0	0.0	0.0
819	2681.616111111111	0.0	0.0	0.0
820	2678.257222222222	0.0	0.0	0.0
821	2679.0022222222224	0.0	0.0	0.0
822	2688.3811111111113	0.0	0.0	0.0
823	2680.4375	0.0	0.0	0.0
824	2678.277222222222	0.0	0.0	0.0
825	2670.3180555555555	0.0	0.0	0.0
826	2681.498888888889	0.0	0.0	0.0
827	2717.766111111111	0.0	0.0	0.0
828	2683.675	0.0	0.0	0.0
829	2679.8475	0.0	0.0	0.0
830	2672.9394444444442	0.0	0.0	0.0
831	2691.7369444444444	0.0	0.0	0.0
832	2685.686111111111	0.0	0.0	0.0
833	2675.698611111111	0.0	0.0	0.0
834	2680.1555555555556	0.0	0.0	0.0
835	2675.1444444444446	0.0	0.0	0.0
836	2684.0647222222224	0.0	0.0	0.0
837	2699.6205555555557	0.0	0.0	0.0
838	2686.5027777777777	0.0	0.0	0.0
839	2698.3130555555554	0.0	0.0	0.0
840	2694.171388888889	0.0	0.0	0.0
841	2704.2755555555555	0.0	0.0	0.0
842	2693.2438888888887	0.0	0.0	0.0
843	2690.3658333333333	0.0	0.0	0.0
844	2679.137777777778	0.0	0.0	0.0
845	2705.915	0.0	0.0	0.0
846	2679.8169444444443	0.0	0.0	0.0
847	2697.300277777778	0.0	0.0	0.0
848	2679.0044444444443	0.0	0.0	0.0
849	2683.882777777778	0.0	0.0	0.0
850	2675.987222222222	0.0	0.0	0.0
851	2687.2705555555553	0.0	0.0	0.0
852	2687.5516666666667	0.0	0.0	0.0
853	2705.2291666666665	0.0	0.0	0.0
854	2700.2633333333333	0.0	0.0	0.0
855	2678.3469444444445	0.0	0.0	0.0
856	2693.7502777777777	0.0	0.0	0.0
857	2675.072777777778	0.0	0.0	0.0
858	2675.0858333333335	0.0	0.0	0.0
859	2679.242777777778	0.0	0.0	0.0
860	2709.6725	0.0	0.0	0.0
861	2688.863611111111	0.0	0.0	0.0
862	2670.9372222222223	0.0	0.0	0.0
863	2669.1744444444444	0.0	0.0	0.0
864	2702.2025	0.0	0.0	0.0
865	2678.1330555555555	0.0	0.0	0.0
866	2690.0597222222223	0.0	0.0	0.0
867	2690.454166666667	0.0	0.0	0.0
868	2707.641111111111	0.0	0.0	0.0
869	2666.5183333333334	0.0	0.0	0.0
870	2683.7808333333332	0.0	0.0	0.0
871	2683.472222222222	0.0	0.0	0.0
872	2697.9466666666667	0.0	0.0	0.0
873	2674.445	0.0	0.0	0.0
874	2668.866666666667	0.0	0.0	0.0
875	2696.7705555555553	0.0	0.0	0.0
876	2686.061388888889	0.0	0.0	0.0
877	2703.366111111111	0.0	0.0	0.0
878	2684.485277777778	0.0	0.0	0.0
879	2689.6222222222223	0.0	0.0	0.0
880	2685.428611111111	0.0	0.0	0.0
881	2692.7355555555555	0.0	0.0	0.0
882	2681.5491666666667	0.0	0.0	0.0
883	2687.8483333333334	0.0	0.0	0.0
884	2684.508888888889	0.0	0.0	0.0
885	2696.3733333333334	0.0	0.0	0.0
886	2672.123611111111	0.0	0.0	0.0
887	2679.679166666667	0.0	0.0	0.0
888	2688.6375	0.0	0.0	0.0
889	2673.813888888889	0.0	0.0	0.0
890	2698.4436111111113	0.0	0.0	0.0
891	2699.221666666667	0.0	0.0	0.0
892	2702.993611111111	0.0	0.0	0.0
893	2679.9894444444444	0.0	0.0	0.0
894	2696.41	0.0	0.0	0.0
895	2699.648888888889	0.0	0.0	0.0
896	2693.2033333333334	0.0	0.0	0.0
897	2692.663611111111	0.0	0.0	0.0
898	2708.9408333333336	0.0	0.0	0.0
899	2692.0519444444444	0.0	0.0	0.0
900	2671.58	0.0	0.0	0.0
901	2679.3508333333334	0.0	0.0	0.0
902	2678.5605555555558	0.0	0.0	0.0
903	2682.0933333333332	0.0	0.0	0.0
904	2687.4844444444443	0.0	0.0	0.0
905	2693.3786111111112	0.0	0.0	0.0
906	2708.9455555555555	0.0	0.0	0.0
907	2691.9583333333335	0.0	0.0	0.0
908	2659.2244444444445	0.0	0.0	0.0
909	2677.7566666666667	0.0	0.0	0.0
910	2691.4719444444445	0.0	0.0	0.0
911	2672.7947222222224	0.0	0.0	0.0
912	2681.639722222222	0.0	0.0	0.0
913	2681.28	0.0	0.0	0.0
914	2691.0544444444445	0.0	0.0	0.0
915	2702.199722222222	0.0	0.0	0.0
916	2691.9675	0.0	0.0	0.0
917	2699.335	0.0	0.0	0.0
918	2696.998611111111	0.0	0.0	0.0
919	2698.09	0.0	0.0	0.0
920	2696.2252777777776	0.0	0.0	0.0
921	2664.3966666666665	0.0	0.0	0.0
922	2680.1758333333332	0.0	0.0	0.0
923	2678.9119444444445	0.0	0.0	0.0
924	2665.9544444444446	0.0	0.0	0.0
925	2666.078611111111	0.0	0.0	0.0
926	2665.245	0.0	0.0	0.0
927	2687.71	0.0	0.0	0.0
928	2689.4641666666666	0.0	0.0	0.0
929	2676.8288888888887	0.0	0.0	0.0
930	2670.351388888889	0.0	0.0	0.0
931	2696.176388888889	0.0	0.0	0.0
932	2697.1133333333332	0.0	0.0	0.0
933	2699.3577777777778	0.0	0.0	0.0
934	2681.8191666666667	0.0	0.0	0.0
935	2666.1875	0.0	0.0	0.0
936	2684.005277777778	0.0	0.0	0.0
937	2684.248611111111	0.0	0.0	0.0
938	2690.326111111111	0.0	0.0	0.0
939	2700.307222222222	0.0	0.0	0.0
940	2683.6425	0.0	0.0	0.0
941	2686.8741666666665	0.0	0.0	0.0
942	2697.3669444444445	0.0	0.0	0.0
943	2707.573611111111	0.0	0.0	0.0
944	2686.0027777777777	0.0	0.0	0.0
945	2686.055277777778	0.0	0.0	0.0
946	2711.909722222222	0.0	0.0	0.0
947	2684.2391666666667	0.0	0.0	0.0
948	2683.469722222222	0.0	0.0	0.0
949	2684.532777777778	0.0	0.0	0.0
950	2677.8952777777777	0.0	0.0	0.0
951	2683.656388888889	0.0	0.0	0.0
952	2667.2730555555554	0.0	0.0	0.0
953	2677.2277777777776	0.0	0.0	0.0
954	2680.5069444444443	0.0	0.0	0.0
955	2683.7902777777776	0.0	0.0	0.0
956	2700.421388888889	0.0	0.0	0.0
957	2671.7694444444446	0.0	0.0	0.0
958	2685.1141666666667	0.0	0.0	0.0
959	2696.201111111111	0.0	0.0	0.0
960	2716.0830555555553	0.0	0.0	0.0
961	2704.491666666667	0.0	0.0	0.0
962	2701.358888888889	0.0	0.0	0.0
963	2712.4152777777776	0.0	0.0	0.0
964	2710.748611111111	0.0	0.0	0.0
965	2679.507777777778	0.0	0.0	0.0
966	2691.7047222222222	0.0	0.0	0.0
967	2690.725	0.0	0.0	0.0
968	2682.0655555555554	0.0	0.0	0.0
969	2682.938888888889	0.0	0.0	0.0
970	2675.5427777777777	0.0	0.0	0.0
971	2674.206388888889	0.0	0.0	0.0
972	2682.0833333333335	0.0	0.0	0.0
973	2673.532777777778	0.0	0.0	0.0
974	2683.76	0.0	0.0	0.0
975	2671.1241666666665	0.0	0.0	0.0
976	2694.5230555555554	0.0	0.0	0.0
977	2681.382777777778	0.0	0.0	0.0
978	2701.8102777777776	0.0	0.0	0.0
979	2693.3586111111113	0.0	0.0	0.0
980	2684.1505555555555	0.0	0.0	0.0
981	2670.409166666667	0.0	0.0	0.0
982	2674.1277777777777	0.0	0.0	0.0
983	2671.8844444444444	0.0	0.0	0.0
984	2672.3352777777777	0.0	0.0	0.0
985	2679.2669444444446	0.0	0.0	0.0
986	2690.0325	0.0	0.0	0.0
987	2698.7269444444446	0.0	0.0	0.0
988	2690.646111111111	0.0	0.0	0.0
989	2696.5016666666666	0.0	0.0	0.0
990	2689.141111111111	0.0	0.0	0.0
991	2689.5008333333335	0.0	0.0	0.0
992	2680.7394444444444	0.0	0.0	0.0
993	2688.4152777777776	0.0	0.0	0.0
994	2706.468611111111	0.0	0.0	0.0
995	2704.597222222222	0.0	0.0	0.0
996	2697.9444444444443	0.0	0.0	0.0
997	2690.946111111111	0.0	0.0	0.0
998	2704.6805555555557	0.0	0.0	0.0
999	2700.3775	0.0	0.0	0.0
1000	2680.6475	0.0	0.0	0.0
