ITERATION	avg. EXECUTED	avg. WORST	avg. AVG	avg. BEST
0	-47.55299514712426	-47.55299514712426	-47.55299514712426	-47.55299514712426
1	-35.31941106481015	-43.009104218538525	-39.10785058975033	-35.20659696096221
2	-29.08520077305886	-39.505972497441384	-33.74303775237523	-28.050760852477392
3	-24.195220226269928	-37.74561642020037	-30.524029028175196	-23.69919846086713
4	-26.17304050535843	-39.87428307679162	-31.71157678800506	-23.907004654287203
5	-21.936874831657303	-37.93043028780855	-29.07122199469471	-20.84799862278776
6	-21.107163035420236	-38.62544186138395	-28.90018611848572	-19.986324776353673
7	-21.305158237769138	-40.0416591705765	-29.337576677176447	-19.52472857482607
8	-19.815474296946196	-39.991154065184574	-28.617961330004892	-18.188805471347596
9	-20.61091914844146	-41.765151954792266	-28.951336677142436	-17.201764815102738
10	-16.856050971985077	-41.73440491302907	-27.907204436220823	-15.073312941569109
11	-17.24230820381582	-42.68605564197401	-28.14965491723241	-15.123653101552126
12	-15.043811264119263	-42.79050476982568	-26.743024803609202	-11.979645070926903
13	-14.515195385159295	-43.783632616999945	-27.11211345123082	-11.806679070196239
14	-12.543063210357776	-44.339758758306914	-26.673313337421376	-10.387504847869915
15	-14.694937674276074	-46.29412120136766	-27.626414987918228	-10.092620079692761
16	-12.311151250637803	-47.21626251543476	-27.617343549086883	-9.99014340971802
17	-11.63083654026131	-47.224304646336584	-27.272396270603526	-9.449983689130006
18	-10.310656101470308	-47.11069204477314	-26.48315845855099	-8.45037098356027
19	-11.183126391792742	-47.45719063415101	-26.46526713313649	-8.021302508104638
20	-13.218737362945733	-48.6144725042873	-27.6683482113334	-8.59019739768942
21	-11.033474358279731	-49.08912604014563	-27.333701586056034	-7.818014742943152
22	-11.74692998996854	-50.23110008122898	-28.040885306816637	-8.748898295267985
23	-8.469782354197575	-49.76766813482956	-27.250073061182196	-7.446147429921446
24	-10.734348143160776	-50.45699253871102	-27.70483626946131	-7.598843823684508
25	-11.100699605329432	-50.87346274187201	-28.15902863467349	-8.205462084837745
26	-11.47351651062345	-50.84691280294945	-28.47491198256126	-8.108519475118767
27	-9.716111214047704	-50.60113867099435	-27.982972823126875	-7.415369889095428
28	-8.151446872609727	-50.64590607848184	-27.392482478604816	-6.418005861375883
29	-7.0725862839883815	-50.52468627228623	-27.331749385416853	-5.5981966831863925
30	-8.441018676627273	-50.41892437493477	-26.879791296603766	-5.556525528832685
31	-9.433464040063765	-50.601705707121006	-27.41301744315304	-6.866794634065278
32	-9.726375775931585	-50.83412083943611	-27.651068908255656	-7.107037163637816
33	-11.562799349033062	-51.07168270828279	-27.585615074018193	-5.202736381237051
34	-10.068873899949537	-51.60141315813794	-28.470011877968705	-7.009708319554159
35	-12.521844498920023	-52.390799258550594	-28.58132467934156	-6.296639941955895
36	-10.712583659663004	-51.77944389227802	-28.648485755018157	-6.006233688683939
37	-10.014430174442172	-51.74204876405008	-28.875884477438518	-6.518918444823007
38	-8.8410362276399	-51.298217218395315	-28.769851088991338	-6.1449473446091
39	-8.306224116058885	-51.808889935002625	-28.82630442044903	-5.63408015797262
40	-7.683941451578136	-50.95735833637701	-28.308883517025585	-5.5710963900613795
41	-6.9768109188912	-50.79550861598188	-28.051211807243035	-5.219173448497828
42	-8.009784722854729	-50.087599203465686	-27.761244001979396	-5.373739446063294
43	-11.09439410943591	-50.70283271138499	-28.508267207578537	-6.115385040817365
44	-9.897208236767666	-50.61591771297471	-28.571443886240445	-6.468689845124386
45	-5.998379869895216	-50.06677646748173	-27.660260934528814	-3.976237734305176
46	-6.120669478742749	-49.675782761197866	-27.465485979542308	-3.533808397992525
47	-7.116005664306784	-49.195688152272766	-27.50576598363219	-4.734236848676509
48	-7.938015048288498	-48.549754569431194	-27.426217830831526	-4.743191170488707
49	-7.8584973589536755	-47.84038002068014	-27.40163016916712	-5.234572651561501
50	-6.622791257096823	-47.47889306044469	-26.859808800604224	-3.824369538277498
51	-5.692785095159004	-47.159870070361265	-26.639456693158643	-3.9481699311748613
52	-7.996243192982753	-45.41876622670223	-26.372252378534316	-4.902123247185079
53	-5.667208256110951	-45.01223376301476	-25.998269178975477	-4.24154870617985
54	-9.330315559176192	-45.56312948629941	-26.551068035329642	-5.393219606557686
55	-7.464004109302097	-45.00821493041885	-26.06324130322413	-4.675880821417466
56	-7.29226215104903	-44.48311137693673	-25.946285759341468	-5.219453240562413
57	-6.845721236232997	-44.42302780371135	-25.509121958671873	-4.231238400730802
58	-6.139329686789743	-43.21386084092379	-25.252707769837986	-4.532170646383548
59	-5.108210340643993	-42.708983784019395	-24.883805348309732	-3.3902756610366556
60	-7.122175952215114	-43.29187788710644	-24.949392408227375	-3.7140865761638864
61	-8.568790973127882	-43.309357208658014	-24.965067548767443	-3.604789524212484
62	-8.534276019104118	-42.83162505932303	-25.08240798097625	-5.04790656225659
63	-6.743880044025165	-42.5663491883119	-24.590794324700166	-3.9904357014953535
64	-6.4570030705828625	-41.73883127558574	-24.301935190398815	-3.4120445831166295
65	-6.911369154810944	-42.00339256875909	-24.280478999649144	-3.1941698095282876
66	-8.112528630354547	-42.441336687245965	-24.59919721580326	-4.112285849203669
67	-7.66867307980519	-42.064724792712234	-24.450378517272924	-4.53022610823355
68	-8.751862722999999	-41.38448139307485	-24.436246693146085	-4.692108820873127
69	-7.344038029531572	-40.814214276535886	-24.186076341298687	-4.694425707677258
70	-7.261246607795855	-40.70708891264441	-24.109370332418656	-4.451307084397225
71	-8.160264570293677	-41.06080451021468	-23.974510550836936	-3.4284280821380486
72	-9.501329348187367	-40.750389005739464	-24.1974207085764	-4.8104019186790135
73	-5.815565601799064	-40.116063525950864	-23.798969713055197	-4.031551423951974
74	-6.735264589893949	-39.68923158361511	-23.829996869193707	-5.001804902242132
75	-8.7570144386812	-39.65117496055659	-24.002450277050347	-5.781784326475337
76	-9.26691051616081	-39.713438338533145	-24.01587748510185	-5.1355359364216895
77	-8.509727492099847	-39.79337924435225	-24.1753768461005	-5.065995772742468
78	-7.678768981319986	-39.60339807416489	-24.008336996569597	-5.030620792609394
79	-5.091187127334477	-38.45540878337811	-23.265988946789673	-3.28345406281211
80	-5.854023816371845	-37.87309870289487	-23.201483969610504	-3.8111170771508722
81	-7.544278590373123	-37.92625196372858	-23.441675508382946	-4.8421292437463
82	-6.464292490458117	-38.04989333886008	-23.162463855858437	-3.5521491872822764
83	-6.935320456287472	-37.71426774988728	-23.02660165379141	-3.8434600701618375
84	-5.454594971752675	-36.74332782757381	-22.675563862856713	-3.223051391711835
85	-6.342663022683842	-36.69151288027454	-22.57572913402705	-3.0805083401954296
86	-6.585893684645859	-36.434387467200374	-22.549826171364074	-4.013520065901457
87	-6.061318577285508	-36.32122617191829	-22.292762214525617	-3.3593078714553735
88	-6.463492869747875	-36.09760638716442	-22.387325691134297	-4.408720358881364
89	-9.56202478390104	-36.57664265977554	-22.704921897743073	-4.946427347975098
90	-5.975465901765165	-36.4965514620572	-22.21938707007029	-2.84114738698905
91	-5.188550494118177	-35.84482603999489	-22.066850442940414	-3.124082610777398
92	-6.158677481329893	-35.73805628856514	-22.135874463747236	-3.9303768395875727
93	-5.881781788908048	-35.600346049580864	-21.87850226394193	-3.131086301511919
94	-5.876882987342536	-35.369231973586054	-21.65418074436362	-2.712247110112366
95	-4.257788288493291	-34.69034162122835	-21.228350819434013	-2.277142577857072
96	-3.7401545385651658	-34.05074434093697	-20.94617362398928	-2.6275806538553765
97	-4.83383600023424	-34.3692009303711	-20.92593254085242	-2.2882870485295554
98	-3.3015267455203947	-34.286498565735634	-20.63901359190559	-1.8397648373962805
99	-3.5027602848778496	-33.822517490039175	-20.384556083987846	-1.60913074262135
100	-4.832152601594144	-33.39310205893366	-20.350978068241414	-2.428033607844993
101	-5.712641581137807	-33.09062046459612	-20.31339781191381	-3.31403569094363
102	-6.134745936706536	-33.99233072443026	-20.205535753076287	-1.6846414254717226
103	-6.164753977953522	-33.67151953742905	-20.37633279124256	-3.191516543732498
104	-5.293075077896365	-32.77583143077689	-20.022559962912997	-2.9680205407484364
105	-5.2122559535123685	-32.417018079969445	-19.914781034003582	-3.2683317271499654
106	-3.7357834881149743	-31.416603385175936	-19.412881154319084	-2.4464718228410987
107	-3.8386494600103194	-31.341285396958636	-19.128286597275633	-1.836580603847279
108	-4.516858417668619	-30.677216999472453	-18.981291248438733	-1.7454945678885678
109	-5.146032362251741	-30.43089061136752	-19.103160258594304	-2.479907141389745
110	-8.006887501173269	-31.160344775919288	-19.515491862404918	-2.9940269392341627
111	-9.372300196040559	-32.062213852877115	-20.03483927082403	-4.610371143636142
112	-8.858481189183669	-32.931009247030154	-20.377012585665035	-4.465428208465115
113	-8.58993999696424	-33.914313689485176	-20.660587284686155	-4.367545934279059
114	-6.804014878747036	-32.991718001717246	-20.491800317510233	-4.572008574863981
115	-6.075545314717482	-32.10603892372254	-20.156603899088736	-3.8080804268939543
116	-5.299574984345617	-31.992196679265515	-19.984066814028896	-3.54318965256382
117	-7.894557469699907	-32.7383690360445	-20.227528672468214	-3.1818223018781273
118	-7.828443851835174	-32.85332394342558	-20.470329962289245	-3.838378585273624
119	-6.8173099341536325	-32.78638198504075	-20.37388046364443	-2.8704245536113437
120	-7.29616730697734	-32.83906048772737	-20.77247456261146	-3.956672445762307
121	-8.159356592705722	-33.84889923373871	-21.063568236339798	-3.7670355850148884
122	-5.182485078972661	-33.64943876995806	-20.77668550869656	-2.811113363434472
123	-8.719663710535494	-36.2995841342509	-21.338106500372486	-3.2616645863679383
124	-8.471488947608313	-36.151470468635225	-21.65342184172951	-4.328573413629636
125	-7.508422313126609	-36.838839537802194	-21.653982264079755	-3.8313501851503946
126	-9.203510103143849	-36.45854212444557	-21.84685037794726	-4.697734199579718
127	-6.0831693773670805	-35.7428921476767	-21.476338708052936	-4.180653052810066
128	-8.416862786500571	-36.80382344434314	-21.839028365154885	-4.398919281597068
129	-7.974970305049762	-36.777659710699105	-22.014477974508583	-5.337437669956792
130	-4.4820374689339735	-35.96082561618425	-21.27117034303145	-2.931320724862511
131	-6.404108342642455	-35.97543936800404	-21.335342292963556	-4.090791297356368
132	-6.84911401004923	-36.05867797038615	-21.3057626407993	-3.2355657578701273
133	-5.6582637533422515	-35.46731372077569	-20.931801873579396	-2.7734639048243426
134	-5.904146098438993	-34.32660748025328	-20.700942033705086	-2.7287261571520234
135	-3.9778721061801527	-34.03219238385994	-20.47128872255545	-2.829229806202337
136	-6.01330825495984	-33.58223008292106	-20.489780175072443	-3.440043879675195
137	-5.121853423270654	-33.740186239013525	-20.321302675664604	-2.4580060250618607
138	-3.142366804134096	-33.239903409211976	-19.900181374881807	-1.9786921577685603
139	-3.443765206206228	-32.49894575005478	-19.637129908242528	-1.646211665755335
140	-3.3088489375819323	-32.24243180993502	-19.58251448857319	-2.236528668470609
141	-7.322782391749592	-33.00686428712339	-19.998689504972504	-2.7392788063968454
142	-5.651287177957551	-32.72206875059723	-19.86693815491704	-3.0706601570208187
143	-5.6369494217459115	-32.48613835651165	-19.542555799786115	-2.068216772035003
144	-7.052969222737151	-32.553236964885365	-19.76434495587807	-3.442896855087809
145	-6.362038356331351	-31.849693819843495	-19.577609142324057	-3.2363291318748124
146	-6.443956366011488	-31.61241107913904	-19.529322107371303	-2.924877911438269
147	-8.528893904022596	-32.06333152788042	-19.9320435383021	-3.8311733775506576
148	-7.248495286943722	-31.39202452323015	-19.952923912478138	-4.283770222728124
149	-6.308822328489115	-31.651216101004245	-19.791514686928114	-3.1564466437659715
150	-7.509108976530018	-31.08229328955791	-20.01591882062436	-4.439796784608775
151	-5.794225030941077	-32.07765458766666	-19.740381206167815	-2.750464220298822
152	-5.176272870240753	-31.23988670876784	-19.56097022880277	-3.0049605385848888
153	-5.88771953651728	-31.057316368139798	-19.53335661038783	-3.2025904401578096
154	-4.0563022907756645	-30.79277153945036	-19.164964385252734	-2.203508835051419
155	-8.122248861601852	-31.503390441609575	-19.73004224227885	-4.07194869489431
156	-4.46773491081027	-31.344867413769485	-19.196897355243948	-1.7979210025205303
157	-4.156164447927061	-31.16675984880864	-19.183952327047404	-2.220603064408477
158	-4.32548264312044	-31.040445094380424	-18.911759258835552	-0.8852909272539559
159	-7.04121791851112	-30.94348530121836	-19.321057540726667	-2.817655013710435
160	-5.095756316446293	-30.56354815953573	-19.141293452436127	-2.365083124687602
161	-3.7883446899005926	-30.59551481554241	-18.89825841632229	-1.61300278162393
162	-4.3877526782168355	-30.471307756951173	-18.83630028885707	-1.5836906755497153
163	-4.999458137873558	-29.876641334711564	-18.81276247925783	-2.225528797913043
164	-4.833083435041769	-29.409855252919858	-18.799515968945673	-3.103960394396644
165	-7.316207361323732	-29.942432155168216	-19.07453522969644	-3.345747993992494
166	-7.145067643954808	-30.808847654106827	-19.295829912103105	-3.4357105162782773
167	-6.673873018297085	-31.223336652132428	-19.405316359746585	-2.936542971953339
168	-5.884723873056555	-30.90526939653662	-19.41349888741627	-3.2074605012047495
169	-7.615465469562455	-31.442377605270064	-19.610166605258485	-3.703548817448698
170	-5.193212722333426	-31.02918142892086	-19.362496509086142	-3.4548718751491987
171	-7.698895227755725	-31.7888402817713	-19.680778337814775	-2.960386959558274
172	-9.460735057846694	-32.1702010852683	-20.064766325707996	-3.6809901349121112
173	-6.85084734606242	-31.755219675142232	-19.80971358543485	-3.1844462782061163
174	-5.030964968567286	-31.716781219669805	-19.515929044179792	-2.760186912653029
175	-7.754398537588072	-31.61010628790856	-19.809612078659292	-2.7639160069045006
176	-6.465666544709195	-31.473582589396443	-19.924580826101025	-3.385098344569779
177	-7.7031957764221435	-31.839232837611203	-20.44783066409592	-4.83034573200307
178	-7.5109002770837145	-32.584018391107314	-20.65748522322596	-4.237344243354455
179	-6.445524929744304	-32.56084987147951	-20.5125705910832	-3.4670269219359566
180	-6.382631811377141	-32.95686346330775	-20.45956044655048	-2.8581968322475877
181	-8.927023508040664	-32.49599998428489	-20.830635655741972	-4.672519030846199
182	-9.932386423428044	-33.4906256243284	-21.209661885187202	-5.130390497496642
183	-8.297126224957067	-33.6721856722502	-21.12790834735589	-4.247771004612187
184	-6.772155135465674	-32.99785178569248	-20.996261485516797	-4.634485591193233
185	-7.411465391561436	-32.53347347255737	-20.875058058907538	-4.704775311263669
186	-5.370152821205075	-33.122142821417654	-20.375217987496143	-2.4814233641729726
187	-6.365254438048096	-32.66586297390515	-20.44480934130531	-3.4438405017435447
188	-6.009346212791278	-32.42107864993259	-20.293663010227913	-3.312841725510948
189	-4.616536652659381	-31.840177361031177	-19.884053665231438	-2.7252510687096763
190	-5.228072564165863	-32.411585491444484	-19.819897134075266	-2.0598530776901844
191	-5.145896615070741	-32.2304768127107	-19.892719780141327	-2.4310848636352995
192	-5.857554593002661	-31.965627560708384	-19.866883027674476	-2.4735166561236244
193	-5.131614595346563	-31.68973013139639	-19.785586986850166	-2.526555409969398
194	-5.807654431082521	-31.940124133314413	-19.96228418505118	-3.3774527765421616
195	-6.711719380045906	-32.558450506536175	-20.058158901043317	-3.359389707429931
196	-4.963965860799643	-31.888684458103583	-19.590219571641494	-2.300558949918329
197	-7.454308142174068	-32.164653742108335	-19.916753703596168	-3.3951807062281296
198	-7.632228346280139	-32.82443779911141	-20.102004074103455	-3.2544291017980234
199	-5.244718769315871	-31.65703734611447	-19.80036721432932	-3.1836538616529944
200	-6.372121066475387	-32.268883289334156	-20.008331120799834	-3.4058581772701277
201	-6.970840612436204	-31.971300960011213	-20.118790083744106	-3.865113486675635
202	-6.782948592856409	-32.75274700795328	-20.103623663565507	-2.844476705284884
203	-5.193049979307875	-31.729500440995785	-19.826895119277726	-2.9214445962845472
204	-6.655873161824739	-31.866395799152098	-20.02749069902745	-3.8021138169115125
205	-7.108567960930849	-31.965632401991094	-20.12611017578408	-3.998609154401679
206	-6.994057461698339	-32.19896045458524	-20.11282427069525	-3.9780338723759265
207	-4.980806727615216	-32.12528073809537	-19.780354416153365	-2.520726426353499
208	-7.737006257130605	-32.22889010105084	-20.13109259627128	-3.732738262281361
209	-4.5859311041839	-31.739799509932485	-19.693121007740043	-2.6093410074071417
210	-4.178497115993087	-31.599215094357948	-19.5167598976733	-2.351270187259909
211	-5.704104450591261	-31.693098060120644	-19.596397306512465	-2.6095889818112914
212	-4.363921063132003	-30.84531278990667	-19.386014518720355	-2.4302089481796867
213	-5.321062610089118	-31.17555317290472	-19.45164358768607	-2.603848277155553
214	-6.788911747028731	-31.177040670963923	-19.56953340841003	-3.540238626894482
215	-7.007072909237275	-30.945603680154104	-19.493346287395237	-3.0186423490492125
216	-6.583362059232845	-30.92276815312129	-19.45662357226921	-3.1116246797222376
217	-8.717171949490652	-32.01821138163792	-19.877149247627475	-3.3296674441274376
218	-7.250395551778635	-31.48286212153165	-19.892025148200872	-3.7878594192477846
219	-8.27367614169456	-31.51176986077016	-20.297616883270493	-4.966585500084598
220	-7.1106424773043	-31.659707402579397	-20.24314677060312	-3.8722278240426444
221	-5.506925795149863	-31.435149202408393	-19.99152614103307	-2.817601216178942
222	-8.175602779940462	-31.788524613442224	-20.38996598730171	-4.285818720265886
223	-8.181830380954754	-31.796459730246255	-20.627694246205667	-4.622101144739316
224	-7.253892279643599	-31.409357288103383	-20.59966305727804	-4.653813565902562
225	-8.784152566302279	-32.193498703280035	-20.801394468206922	-4.307343236376959
226	-7.727794185387135	-31.886953629884992	-20.643346034574286	-4.030629815013602
227	-5.869525522754473	-32.02833685877612	-20.37239787692978	-2.8827665351593903
228	-6.664108722778146	-31.60848731140245	-20.39758627914543	-2.9829291743556334
229	-5.467977326931821	-31.176413502440095	-20.2793891082959	-2.8317401953594326
230	-7.289062661114989	-31.90890910432993	-20.618278525026383	-4.150939381317773
231	-5.198489808065098	-31.128538522964465	-20.171304304422343	-2.7008402298572634
232	-8.707874233450625	-32.533698223125626	-20.734757882925273	-3.2647946338311487
233	-6.661563063650579	-32.19490571444116	-20.67103651339965	-3.610129806106498
234	-5.253332914172091	-31.432083355618694	-20.332093982144322	-3.4177385490103998
235	-4.532451278615067	-31.945041285304786	-19.92183274232202	-2.069492497768723
236	-3.6557232578436527	-30.985672538419905	-19.530342932381213	-1.5841598567476916
237	-5.318672783634749	-31.24259660137688	-19.747734384710956	-2.9874069593294545
238	-6.794326464401266	-31.022565825264973	-19.61666480238901	-3.1452442640589275
239	-5.641655583380718	-30.860193584594526	-19.51138975285849	-3.0188893415411027
240	-3.922806425127094	-30.790473263466936	-19.288514835917525	-2.235074862866587
241	-5.004139044956401	-30.54486676863818	-19.358655695442803	-3.381495142058998
242	-8.734754276988417	-31.742529117693316	-19.86466711680327	-3.637801856408621
243	-6.3019199141202975	-32.011178758263384	-19.844931039094764	-3.1070871825001225
244	-4.650095878969133	-31.798662562897622	-19.705667205392828	-2.82552768541133
245	-6.049335244304157	-32.20823370773767	-19.956671485678395	-3.4472000018722344
246	-5.698578558851646	-32.27878294820674	-19.803214191564017	-2.443511211995022
247	-6.935488056232057	-31.481727605849997	-19.92326666294278	-3.802250520180274
248	-6.378193432064571	-32.99244252605744	-19.853744605653716	-2.259163017013688
249	-5.471741600057286	-32.113917707569165	-19.776021581885068	-2.86186611546022
250	-4.461527145598734	-31.74350134958938	-19.495772337929083	-2.6188764430859113
251	-5.363747316558553	-32.13295303156449	-19.453005691263282	-1.9274035669883278
252	-4.287645223352036	-32.002041868356656	-19.464877888238593	-1.9629959150648486
253	-5.291408397922483	-32.52420797974534	-19.567615433524356	-1.8347583187721532
254	-5.641363804430252	-32.03771015964633	-19.75484787188294	-3.814820635883318
255	-6.145378213470226	-31.895547434526254	-19.61035088952581	-2.9444773412008587
256	-5.150619754369565	-31.287714327420513	-19.49552564533277	-2.6719422720690593
257	-8.401704676302211	-33.75192438052392	-20.121617616795252	-2.703119871368868
258	-4.372779259476623	-32.141603363146665	-19.79795342579291	-3.023347386069183
259	-5.134726846637382	-32.761724742499474	-19.597807794726737	-1.9497582001733353
260	-7.088425385793996	-32.27079191938726	-19.948805398176674	-4.452694289382071
261	-7.139333554103727	-32.52059293407286	-19.80282404480849	-3.2226686961645
262	-4.538400868337287	-31.8420836804797	-19.365754996609933	-2.5380510075791682
263	-6.089494860786566	-31.941149573821328	-19.533798679310774	-3.598634001755925
264	-5.026164176968649	-32.04873014268468	-19.159876311691956	-2.058279309913271
265	-5.899709628321018	-31.9128467758749	-19.105366663091573	-1.9001548523502905
266	-6.176125728133587	-31.441142210860985	-19.02760010464851	-1.7892249463000782
267	-5.702824222788155	-30.82362619834522	-19.167099297531948	-2.6119481308687775
268	-6.062764894395499	-30.947983529812316	-19.505906354816815	-3.902935410737239
269	-6.648824545246588	-33.09342270185846	-19.452739041835855	-1.5445607419345142
270	-8.246476445579656	-32.36101902642731	-19.86543462475601	-3.314943785551033
271	-7.6645361865102055	-31.924054280404707	-20.071954919086494	-4.74823580501474
272	-4.755895095516549	-32.01459229778029	-19.451428452009136	-2.014833799940687
273	-5.012120764103965	-31.5507846947656	-19.183774052903324	-1.5551036854580498
274	-2.987378775614543	-30.7618306016072	-18.966987930637565	-2.124166286470742
275	-5.15819493237274	-31.080755116170614	-19.083443549194605	-1.7362474058483586
276	-5.827927983670833	-30.76381753560887	-19.219995431245533	-2.943040007833044
277	-5.802976711034376	-31.14728631389707	-19.289099316638815	-2.817492249930692
278	-6.518142365407944	-31.035539425783224	-19.383772060177822	-2.354653601243654
279	-4.17550727774322	-30.35248290620483	-19.13669950057081	-2.6461853864151585
280	-5.076137894241809	-30.59727410095659	-19.06506552083229	-2.3647206909394667
281	-4.547275708103151	-29.811652278397155	-18.959752971428774	-3.009477275348435
282	-5.789731594802073	-30.729067674430766	-19.103681518945113	-2.4805799511208844
283	-4.693267167163374	-30.236185055442284	-19.09076767428434	-2.98356963880087
284	-5.298486713010271	-30.57480309466915	-18.983276541918915	-2.2139127961936227
285	-5.081843861836107	-30.284081480346238	-18.91603996771482	-2.3203157156646026
286	-4.454838622468366	-29.999265419869534	-18.83578548062662	-2.643215819360869
287	-5.690463508815264	-30.2549630207362	-18.89174314115412	-2.7875047129401476
288	-7.884146936225587	-30.972604633976264	-19.211179295067435	-3.1008731180415006
289	-7.839962330110434	-31.423852628122926	-19.478331507282846	-3.353921540526726
290	-4.717423856866546	-31.176921530959994	-19.288453748528248	-2.878277966050422
291	-3.545868388009565	-30.936616281269757	-18.963284919988975	-2.0246823847742337
292	-2.5209605457829842	-31.040906371285974	-18.48014781431396	-0.6951021088039302
293	-4.95255858494699	-30.34263142340642	-18.605224466003406	-2.0667606896863826
294	-5.453259525321887	-30.16940164340652	-18.53669025400702	-2.412685849075647
295	-7.700756478363047	-31.19711574440559	-18.871442689293186	-2.9464655815615655
296	-6.170870985957303	-30.94884870312292	-18.797854135128002	-2.849035475621111
297	-5.880119502157802	-30.16482046644281	-18.709457785503186	-3.1940212397075567
298	-5.257872524268513	-30.371835581870815	-18.540557516803375	-2.276568327110879
299	-5.842222173598715	-30.523877195295647	-18.72038657056639	-2.8837411399181807
300	-7.510500639246201	-30.555892874083675	-19.167147366809516	-4.533240238229026
301	-6.831590172473296	-32.38960841259162	-19.153233076760184	-2.136614688795107
302	-6.260218509085819	-30.982030632568154	-19.049096655469313	-2.717550821431561
303	-7.940521148486543	-31.06582487410448	-19.400014723018074	-4.283781558359867
304	-5.335399443622456	-30.83011697736224	-19.169733288872898	-3.554552296049606
305	-6.255729144279413	-31.328651762049038	-19.057512684135	-2.059268885642196
306	-6.375433426708704	-30.959868788829418	-19.201111182313667	-2.5569685783217935
307	-6.492574573427666	-31.578605138568783	-19.357006972681557	-2.3006927358236378
308	-7.095866517213954	-32.37891608689232	-19.636709610391758	-2.7873074852486006
309	-6.575263435147606	-32.68414315851842	-19.772073324739946	-3.1533875875460096
310	-6.903892791553802	-32.095958338332515	-19.84272806882402	-4.075539434576262
311	-3.953010582951091	-31.74671492212849	-19.299765316104526	-2.3080442210901517
312	-6.17666085195903	-32.04305134881036	-19.655282501103706	-3.176348130859633
313	-5.426928416618246	-32.67844842056928	-19.714697730145634	-2.7590271876920425
314	-5.736383528236848	-32.504790407076584	-19.73227117862957	-2.7610617515231315
315	-6.01417237871168	-33.563550003888984	-19.761508371639877	-1.3323844472576856
316	-3.659328286751882	-32.272138360775855	-19.32151194814505	-1.1790164258363605
317	-4.1315348506103335	-31.613497560771993	-19.18913967556363	-2.1224003826936495
318	-4.75754903643501	-31.154425657285852	-19.06029348677957	-2.108743096260349
319	-8.001325203006717	-32.18326648689822	-19.544238289632197	-3.276036025934406
320	-6.737059911659456	-32.40451254724221	-19.396477247629875	-2.648539062133959
321	-5.409663866287683	-31.77650877644024	-19.337068940561544	-3.507915045648444
322	-4.912183402365164	-31.714295892081445	-19.174219647205632	-2.2394054246266006
323	-4.0868109435077224	-31.623747755964285	-19.07480608684128	-1.774601492065268
324	-4.9871758387669125	-31.645514102672337	-18.88805213732226	-1.4859896338692606
325	-8.275229195659744	-31.96115435523775	-19.165186041850152	-2.4720788574532353
326	-6.7995510443745095	-30.84194877677572	-19.03702405520181	-2.766146041635967
327	-6.235139974243963	-30.712258049574668	-19.11866707883443	-2.4945876108766383
328	-5.924890909872093	-30.664558323027265	-19.24002486574922	-3.438601677396081
329	-5.527324383640171	-30.787227121483053	-18.94755619658465	-2.3805169234886705
330	-5.002137183758757	-30.396789375655697	-18.761473428666097	-2.18741262808874
331	-6.3147619336657534	-31.3961828697389	-19.04518692997822	-2.387011369656504
332	-4.812638925967792	-31.027652570466334	-18.984558478901075	-2.2190607763540386
333	-5.1982750239247055	-30.890127174405386	-19.1186122179503	-2.4949993315530246
334	-5.309493938461977	-30.935814731079518	-19.05343574526457	-2.3553602542059657
335	-4.370188561295976	-30.20267713101365	-18.788124856164195	-2.6870944443219957
336	-4.123799969847504	-29.76914663415598	-18.422085649459454	-1.963446876912452
337	-4.8017868419893315	-29.181111924625608	-18.4053092438342	-2.522994154282562
338	-5.670313356497724	-29.436732493262745	-18.417154290377823	-2.464623623897264
339	-5.261023093174718	-29.95491583695658	-18.46313543148821	-2.291168248165524
340	-5.589824292804522	-29.498238125066727	-18.44586171597018	-2.4038189237500127
341	-5.395179522504342	-29.307492564462056	-18.50411078150152	-2.694162270908126
342	-6.671499171728641	-29.943997695918256	-18.79913822010443	-3.0434109105508593
343	-6.080264855059633	-29.64510636713504	-18.915730371186758	-3.8797113697943093
344	-5.4579072600278336	-29.646926945326193	-18.70202713616867	-2.8807231815355276
345	-5.319516446272236	-29.872308383298904	-18.57128227579029	-2.5270343504019026
346	-4.247393436694132	-29.664750458491916	-18.32139182980756	-1.758822975925064
347	-4.331454298481509	-29.366533085101793	-18.26491495125665	-1.9151916181384137
348	-4.332305496872333	-29.24217464246204	-18.231631065900057	-1.930337678035902
349	-4.933913817824941	-29.390329434572998	-18.267546585020423	-2.4949955297905615
350	-4.607588215539668	-29.20989897406252	-18.028800722738264	-2.1247184770834515
351	-5.669120106428253	-29.49653723379467	-18.098412186477812	-2.300310218454738
352	-5.956404488031492	-29.49316255608143	-18.292083412761464	-3.0780693537899184
353	-4.71253891961866	-29.465135883565914	-18.104343760130714	-2.65515000059855
354	-5.806607052795861	-29.63865171157381	-18.09492749031718	-1.2962659733330573
355	-4.176702816749572	-29.130073904760387	-18.04127952115856	-1.6738597879530532
356	-4.124917114764013	-29.112134353452262	-18.086200101655585	-2.284044660486263
357	-5.900351327496976	-29.28351006832942	-18.386298860627956	-2.9155742275344396
358	-4.1069925061885115	-29.18550283114751	-18.116436051656272	-1.496396359028844
359	-4.605324673612123	-29.674342214927577	-18.211987279459958	-1.7738981832247862
360	-5.497434919469987	-29.938678876228302	-18.445312696468484	-1.6428595984577048
361	-5.5455752133991805	-29.890432781447068	-18.530538301247752	-2.2444638414027516
362	-5.823984104036385	-29.1345583469893	-18.52401484300317	-3.151060637269909
363	-4.347787376136203	-29.07629296284336	-18.313641114475647	-2.3812108207604337
364	-5.557249613547564	-29.136269578783295	-18.402095115884027	-2.736416166822911
365	-8.415120273219033	-30.01234121514471	-19.00938459925868	-4.215447012414349
366	-5.33395329302594	-29.383297718814205	-18.61920794700164	-2.770375562843572
367	-6.107763452848849	-29.460989004056188	-18.684689477270016	-2.5688901170669123
368	-4.504748961354156	-28.969189252148478	-18.50870387365137	-2.6500396741562002
369	-5.021669517301209	-29.19856213545862	-18.49654805127084	-2.383389470625908
370	-4.923555737661847	-28.913829847030076	-18.481140801458505	-2.8496428866320844
371	-5.35225308224582	-29.60864443653708	-18.457940698876765	-2.3738133763323783
372	-5.0708074611262655	-29.48684397959709	-18.227795683277915	-1.2763587243217798
373	-5.333401008255843	-28.887424631766844	-18.461922899593237	-3.2256693119794133
374	-4.28548689481519	-28.37502569195474	-18.211775364001177	-2.4484029443669897
375	-6.401715171732063	-28.817942953736434	-18.399747472433408	-2.740173696379215
376	-6.844909970930259	-29.230693417818454	-18.567422372085847	-3.05798097903976
377	-3.6360199598773986	-28.885650556389244	-18.273659185385192	-2.011240136172469
378	-6.334880927946809	-29.812668150308767	-18.479480803056028	-2.1141313695453525
379	-6.480855231118575	-29.021691090428202	-18.5613525411155	-3.3778082157675065
380	-3.7829902581025014	-28.803228462655685	-18.13387877637801	-2.1793093955877
381	-4.335939149163046	-28.97226078744602	-17.916835270454442	-1.5525506692063578
382	-5.118416117453046	-28.10587265091192	-17.835420632656128	-2.6036839526345634
383	-4.9544625497113985	-27.898124940913466	-17.658807093659938	-2.3549504237605348
384	-6.65818154075829	-29.07268929386121	-17.752939966297376	-1.3135323098423475
385	-6.387484208082097	-28.728758413391905	-18.02070328768471	-2.275505670637344
386	-3.5400405382969233	-28.94259381993231	-17.93847359460446	-1.5998317002973315
387	-6.065534355228831	-29.737786027667212	-18.3794141406669	-2.674175175184636
388	-5.693171322633691	-29.979195230323747	-18.40940152879545	-2.584385236942182
389	-4.640608505510842	-29.295391816228694	-18.095034201420162	-1.8914718921577944
390	-3.1033308099518004	-29.010636402548165	-17.656143337424837	-0.7932180242501616
391	-4.108677873563596	-28.45767004743791	-17.765791865911353	-2.139066679265329
392	-4.387353498569492	-29.21165926130463	-17.722560600713123	-1.4628620665315382
393	-4.900631946685255	-28.86296469266677	-17.731642292241542	-1.8269435059070755
394	-4.480538277897242	-28.693055295629478	-17.77462895984205	-2.296820182366305
395	-4.604247609819456	-28.38326542156804	-17.68830017162249	-2.2830190471760585
396	-6.221599977003619	-29.39161576267922	-17.797996326289272	-1.846051598917144
397	-4.9437124129803	-29.37583132645608	-17.731808243523368	-1.5488612701427062
398	-5.4740755197477915	-29.488918372770843	-17.78846638798428	-1.6062654355315356
399	-6.406148334057817	-29.487404474287803	-18.098824413929023	-2.6824436502944717
400	-4.8384202806494	-28.966849393968857	-17.966718174182834	-2.521841695519668
401	-4.1749868259552505	-28.75452311110563	-17.784174786822625	-1.9365461185236272
402	-4.297165037846328	-28.83101909716759	-17.759964120253265	-1.5659270367034908
403	-6.392947749442493	-29.359500922375627	-18.091488132732426	-2.83369467567315
404	-7.63473994945007	-29.981606095987086	-18.241608403216873	-2.231127236532156
405	-5.116001185437345	-29.185473812466586	-18.060238905654884	-2.3306724922590036
406	-5.178858249950176	-29.31227292103159	-18.003414974662068	-2.1005027122631423
407	-2.822517623794073	-28.613363585766653	-17.51299804899441	-1.570217596705319
408	-5.247532645312876	-28.70528540901941	-17.632469378994504	-2.4095337287362035
409	-4.579458890142634	-28.472300584567204	-17.525780874291762	-2.244854709552218
410	-5.642945538762278	-29.09405923218605	-17.71020602250474	-1.814201344870857
411	-3.818625069024102	-28.58805369724134	-17.5066321496505	-1.75301197792286
412	-4.658270793733063	-28.225417053545502	-17.376214075788358	-1.7408269962396283
413	-3.4311397139315307	-28.00784863490691	-17.13166639620154	-1.3516926732162537
414	-4.848464932683197	-28.172633694231088	-17.195336158354802	-1.2889711510398798
415	-3.931811338695497	-28.1828074463351	-17.117437488900087	-1.1354514147084385
416	-5.816676148625508	-28.662897957062864	-17.459538968303484	-2.1914366348877574
417	-4.008462545334682	-27.981415054015475	-17.290349393315385	-2.3003439052336216
418	-4.120862779408472	-28.319269504136308	-17.077373106973894	-0.6154561430238523
419	-6.134762810431156	-28.30144242865622	-17.47055719909918	-2.501474104480672
420	-4.930528863457753	-28.18804162912919	-17.37115463417959	-2.033264303155319
421	-3.6963189734691695	-28.441428389494984	-17.184011765696884	-1.1121821963115057
422	-4.489092648742523	-28.28879158278656	-17.146733814481138	-1.4295078944470596
423	-4.515722057707759	-28.07215659703805	-17.112333586698135	-2.485177206260181
424	-3.729889030855679	-27.776270504078745	-16.90319076893082	-2.312158550232293
425	-6.299758846863386	-28.122641609304868	-17.21052812173591	-2.342035914076432
426	-5.654809230296158	-28.901930259776417	-17.216005941855023	-1.8032391394944058
427	-4.937484383789576	-28.098016918779724	-17.1908701188079	-2.2744409808341364
428	-3.8042896923133207	-27.97858696629136	-16.91429616544322	-0.8524999258740331
429	-5.262789752284546	-27.9418940277374	-17.17950912869713	-2.228538430521658
430	-5.048085723304638	-28.364993030350576	-17.234083651942033	-2.1633393601347173
431	-6.240477201854188	-29.96285763525584	-17.627881830811667	-2.042664574654519
432	-4.341288892534858	-29.752415314924242	-17.491220581662947	-1.8630873321099413
433	-5.382418639341176	-29.10334951692387	-17.478947683109336	-2.6657697528878104
434	-5.698907276131279	-29.03889559515811	-17.3530888079329	-1.979827459808232
435	-5.691864101640251	-28.86696601970665	-17.453453718550225	-2.255756641962965
436	-5.938012659377257	-29.083082784576398	-17.382303053788252	-1.9687857376297775
437	-3.556145065529066	-27.84356697820836	-17.049587828260755	-2.0949134805351335
438	-5.949767139545956	-28.049459845900294	-17.374275725558594	-3.325383397400982
439	-5.887496996599912	-29.197117046311543	-17.38128220493253	-2.446936190094419
440	-3.528649050763128	-28.417893392700748	-16.98434308300127	-1.7032348247934854
441	-5.416640336247735	-27.61541747845321	-17.077126104128766	-2.813474539952231
442	-4.684492903666712	-27.552786187323296	-16.87465513032312	-1.9136574330279854
443	-7.7663492983436395	-28.434993674398267	-17.314529088128786	-2.2241570671978774
444	-4.918834432880613	-28.04078121551995	-17.181591222525313	-2.023277197336692
445	-5.358954854041043	-28.230881484430355	-17.261903981893266	-2.492027762889101
446	-4.254430461296779	-27.80002696981104	-17.03551425666646	-1.2810824269267758
447	-5.240413866482692	-28.96189549327145	-17.270174575263727	-1.6803071621297818
448	-4.9321579007965335	-28.561715073295854	-17.307748813124206	-2.3216959874645795
449	-3.431588629746611	-28.46685231013396	-16.958039486734524	-1.139431321997211
450	-3.9076293185242954	-28.09391379283028	-16.96876378873417	-1.812748392858911
451	-6.44936622665056	-28.56761857151513	-17.372109632633677	-2.9364303014768676
452	-4.203236706805734	-28.66539179799819	-17.11111722853306	-1.4738347215477787
453	-4.621470565379134	-28.681187416669385	-17.046139134506227	-1.1587669766979458
454	-4.49203798149247	-27.970018798506512	-16.920591036724222	-1.3776998867300152
455	-6.0495563507056485	-29.41681670122338	-17.251315325565173	-0.830609906019987
456	-5.421381573719477	-29.496188223240125	-17.59522851533276	-2.207978729789482
457	-4.353470840071848	-29.738858927625458	-17.46509018035632	-1.6944676226807194
458	-5.410511007235151	-29.422635522856996	-17.555687339853627	-2.485131885426537
459	-5.313862371488716	-29.254855234016073	-17.50891253642971	-2.499686053290004
460	-4.658850331179627	-28.8088599876773	-17.469303231334848	-2.6600770254402835
461	-5.460327362248476	-29.50605888527656	-17.625980763416006	-2.6011690560913117
462	-6.701045180908888	-30.809538138593073	-17.845676226601302	-1.8161394790947374
463	-5.320606403474614	-30.106896145714348	-17.806014520978994	-1.6676760580094596
464	-6.0186198312202	-30.025620963003668	-17.87549403208378	-1.7364128975903534
465	-6.199864864251522	-29.96947238599481	-18.0327162821369	-2.698674755470265
466	-6.3610934027439825	-30.273002417816006	-18.14498075387132	-2.7833918652010468
467	-4.1755334098738235	-29.683182231602334	-17.880321299063315	-2.077558508094418
468	-10.277126978897979	-31.125811887383776	-18.891994037659924	-4.545803010573164
469	-5.5978687620403225	-30.82935108614924	-18.438370951388215	-2.597117503986996
470	-5.897532770515854	-30.614570929615358	-18.586278076224957	-3.1130143399467207
471	-6.425490969345168	-31.33641227466726	-18.734354147793045	-2.5877604084120605
472	-5.519042676944368	-31.24234199988523	-18.841229111719713	-2.7835003538658607
473	-6.608977906905674	-31.429699078242276	-19.096485549302002	-3.3930203021751906
474	-5.545240647836782	-31.576753480560367	-18.92587096669282	-2.6047909820570454
475	-3.4640095780061655	-31.378927585925762	-18.665855415695365	-2.0945396863282264
476	-4.941072891561585	-31.547108370745658	-18.655454613426325	-2.118095265805075
477	-5.473600134581423	-31.41334840831066	-18.592095632646647	-2.126019812709012
478	-5.40563360990252	-31.012000521530876	-18.548039895894007	-2.306158184911078
479	-6.682389418789775	-31.309228883202824	-18.856792014829196	-3.0180081260204563
480	-3.381314825750014	-30.871844116109177	-18.460284521573282	-1.548517437118176
481	-5.6899120805784955	-31.3697594988915	-18.697523389734904	-1.845863805177383
482	-6.090523933028283	-31.93704264234735	-18.963637430426765	-2.001507502209436
483	-4.913080080617616	-31.848982947599392	-18.876430468135965	-1.8164455573046556
484	-5.139795044466186	-30.973768091140425	-18.82880943187669	-2.470813189484516
485	-4.363565324880931	-30.76328841347506	-18.50676809547495	-1.7159303201444436
486	-3.69134833185014	-30.277422906459165	-18.121723183322818	-0.930596500571776
487	-6.067887156744328	-30.36057232089746	-18.46924197709148	-2.407660663345051
488	-5.684152344275005	-30.1485090492543	-18.510243896910044	-2.849972200928704
489	-6.609568692133322	-30.602143914735393	-18.716543376598533	-2.6373888514740274
490	-5.812647335314566	-30.99902457327164	-18.81489316656013	-1.7824666675845537
491	-4.244528622005677	-30.838493931935414	-18.7751122210974	-1.9043784520644422
492	-5.472568493827755	-30.6449980997435	-18.969753910765068	-2.6266983448811136
493	-6.749345077397797	-30.912744274272	-19.367201688950825	-3.816988054807422
494	-6.065522339116991	-31.65420498819624	-19.27894393774474	-2.4408213743435487
495	-5.755367560097591	-31.177055399869342	-19.354747684101287	-3.4020100333015506
496	-4.678664092155247	-31.123388911307913	-19.031965845473657	-2.2960621490995705
497	-6.211622239264559	-31.054806369644083	-19.06802760356071	-2.887845425664119
498	-5.801874115545623	-30.602511117229913	-18.888995103040433	-2.5181163467036964
499	-5.949001229253568	-30.40313059813374	-18.91255714569464	-2.5207480782369447
500	-4.045623141708904	-29.698069131774627	-18.661743357008937	-2.200196924294169
501	-6.620629205558037	-30.82994206038419	-18.904495365878386	-2.3212306439652846
502	-5.10002697544918	-30.431003317421926	-18.6325547519472	-1.8177386928840658
503	-2.844520939453878	-29.46903753180329	-18.27572051420267	-1.642579662648015
504	-3.7638294157466814	-29.183966060722952	-18.25236915673346	-2.012174830238909
505	-3.928226309888128	-28.670805761998636	-18.123321745602016	-2.1438541952734456
506	-4.073220192081512	-28.96075687216822	-17.941433268635866	-1.642230309026579
507	-6.065325952837199	-29.406576455388702	-17.96217360876183	-1.602100709402578
508	-5.621290180793559	-28.30303362588835	-17.970055151637695	-2.2558466806520068
509	-3.904436126382461	-28.394580810003323	-17.757452928442536	-1.7699677429431837
510	-5.15067622688759	-28.462117553863497	-17.70158580241366	-1.4884754758722478
511	-3.179771500527292	-27.743396514460134	-17.323923273120172	-0.8594670031371544
512	-4.2807717912032155	-27.811438568027096	-17.447477121487648	-1.4299541431054765
513	-3.4838356673161677	-27.94434472772487	-17.373439539973848	-1.460328407429923
514	-6.121898333240773	-27.781909863337585	-17.62700150729959	-2.442624400694452
515	-6.3652461427445735	-28.665482985403656	-17.807248383159777	-2.858572680555449
516	-6.801725526964251	-28.49614914268092	-17.936850284310268	-3.0469660881404623
517	-4.027008003915316	-27.899894247008238	-17.478927356961474	-2.067876527069542
518	-3.3463281942866985	-27.930261729343464	-17.156622128411193	-1.2327485697057077
519	-3.1248050917620804	-27.814218637375184	-17.06526173978359	-1.1743309579520476
520	-4.9282741273776445	-28.27368973530591	-17.26938759501543	-1.3539768215161427
521	-5.0908090397689705	-28.636782969656007	-17.400204732207033	-1.664843162964507
522	-3.5401051804562877	-27.66286777215166	-17.087920238506083	-1.5991068091456269
523	-5.816541510597577	-28.193333003341525	-17.399348884399316	-2.180481329351802
524	-4.6775074582071925	-28.30218590192332	-17.32221074657344	-1.8989245902649634
525	-6.907092143879142	-28.96915633950656	-17.649202304439292	-2.5722552503528155
526	-3.6627322775707203	-27.565119648988514	-17.165672301707506	-1.822680627590471
527	-4.562635994491207	-26.914071827306106	-17.125998526084164	-2.2626566116441498
528	-4.677691411395146	-27.344260416091945	-17.174091654990796	-2.0553496806623244
529	-4.606594766213027	-27.450121281122346	-17.107449173944726	-1.4295118158009334
530	-4.577615985788194	-27.09259376304407	-17.136318176592304	-1.993658247007525
531	-5.750358821581451	-27.651948830858657	-17.373390879702228	-2.5885658089797374
532	-6.706659916645172	-27.598284148801234	-17.475929708299677	-2.187424127434255
533	-6.128366340436774	-27.975470119900333	-17.624284017761077	-2.3026144646971827
534	-3.7800375218623725	-27.496225957110138	-17.419608296030166	-2.0800625893602245
535	-4.538728399319227	-28.2545648761217	-17.46167149874209	-1.7582395317210986
536	-5.099491471986909	-28.28465223610107	-17.449258645309698	-1.2270098341530886
537	-3.3014079822633007	-27.464010254994324	-17.196870592964025	-1.6998392711212562
538	-4.4231535747276745	-27.495721069734294	-17.21329205967755	-1.6165906251197035
539	-4.078056399456432	-27.873871139867692	-17.2423628742502	-1.395052886112295
540	-4.728217921691881	-27.665694114748465	-17.464162327426678	-2.1297744898279687
541	-6.261415887937344	-28.876810006912404	-17.610628686972834	-1.5594841274386912
542	-3.7810633493291084	-27.4581086495065	-17.263198649102545	-2.0807446087476325
543	-4.9184744263251385	-28.042103738193536	-17.12206595415084	-0.55715510290156
544	-4.883921688849466	-27.393607628491264	-17.152046289476154	-1.4691510942316053
545	-4.607407460379545	-27.137554357684003	-17.262756689104677	-2.659244947060728
546	-2.39436230119332	-26.7884309039222	-16.748179971268424	-1.201592366013783
547	-4.347570696912224	-27.078680589811253	-16.784481861793726	-1.3173287700522982
548	-4.504980560995268	-26.51930500130516	-16.903752842351103	-2.3222918720308376
549	-5.9847920193198645	-27.70140879000188	-17.124760058113413	-1.6227244882969696
550	-5.674919016340628	-28.33752023974271	-17.263627935997505	-2.054986281751667
551	-3.3477633420108632	-27.586469735556264	-16.87714037612197	-1.365062720417247
552	-6.398622896839876	-27.32232920828811	-17.216350648657222	-2.5151811072808328
553	-5.810796723444122	-27.115600590233004	-17.394243773775294	-3.7163205784203144
554	-5.512614959361334	-27.306614623531893	-17.35961074442246	-3.070914339379042
555	-5.78068102259875	-27.99568108987053	-17.31150011260905	-2.039601917896802
556	-4.033505036087001	-27.187472871421168	-17.056372255855248	-2.1380438984297023
557	-6.027681040700924	-27.430491462308257	-17.33795597455696	-2.636921934056486
558	-5.703019988282357	-27.72718612201849	-17.448018253053984	-2.9745480230554358
559	-5.384190425909074	-27.25054300184099	-17.30851357039725	-2.2964252194873485
560	-5.697213358653616	-27.40345049120517	-17.36708010397097	-2.3597996928907725
561	-2.8011663720264495	-26.83433216514098	-17.009454202321937	-1.6703007100085
562	-4.633088122002118	-27.29032031742224	-17.1616738424617	-2.033410687695089
563	-4.3457823261924045	-27.17589731827645	-17.176387164105822	-1.6719177108725085
564	-5.125534647993161	-27.601138673529263	-17.397399999427165	-2.43039524180219
565	-5.294134191801222	-27.22732179033863	-17.447924298960732	-2.425313630358688
566	-7.153452198349976	-29.258717516105584	-17.834234366231104	-1.7965842984848868
567	-5.4196962284424295	-28.1185549865438	-17.860819702615483	-2.847359437429053
568	-5.377278825021855	-28.490522121556022	-17.792790502499006	-2.244487158036737
569	-7.455761601869749	-29.79605731564211	-18.10959758811963	-2.2070785412988907
570	-4.131592797221171	-28.928732231250425	-17.845838451180423	-2.3572194565331395
571	-2.99535308055769	-28.540113094360752	-17.502806317718075	-1.7322327161437452
572	-3.279684612456161	-27.799726290257617	-17.272952534500284	-1.7285166791272932
573	-4.17763709776866	-27.78946451315392	-17.2549786621381	-1.5772217785804434
574	-4.72044792248414	-27.87530142204421	-17.347365509971414	-2.0151728207165274
575	-4.871823793011898	-27.404370358625187	-17.333449081519753	-2.029478450854698
576	-5.994650186940922	-27.405274389039644	-17.6115585547683	-3.5904801766771595
577	-5.1048267296671055	-27.437878416463466	-17.331168388216696	-2.0491185914534493
578	-4.115853138288563	-27.54520113990944	-17.05847150288537	-0.9764729757820257
579	-7.2834519863674645	-27.851210323133976	-17.632945661074192	-3.106109365929143
580	-6.656501961143865	-27.54759993866399	-17.70644677946666	-3.6883009350256697
581	-4.858967329718819	-27.32918725882962	-17.418056670025173	-2.7368934519739603
582	-4.760664919004952	-27.728567416178887	-17.43371325756457	-2.324969240641598
583	-5.95624768536823	-28.05054872556213	-17.68456036010527	-2.680409184630345
584	-4.798863742591044	-27.969308795158813	-17.544504951171007	-2.0114351530520804
585	-3.4123505926425888	-27.49444862639222	-17.31408384174849	-1.7363100779378418
586	-3.9384637124721777	-27.140888406181883	-17.146361762375665	-2.366513972322529
587	-3.946572335804004	-27.17597740427211	-16.96820383023849	-2.103854393460371
588	-3.351800260805756	-26.889245899819567	-16.802741360067085	-1.836105319563479
589	-2.838180952698756	-26.45068409290191	-16.46420781840191	-0.7639479009805553
590	-3.933699894309531	-26.597418161669186	-16.506355597658466	-1.1010199242451253
591	-2.445326359122538	-26.031206989771515	-16.26423571938822	-1.019129438166212
592	-2.7626613866443055	-25.98349953972251	-16.140504812560515	-0.7678400372230989
593	-3.740202793323762	-26.166336937690048	-16.283770029647403	-1.0065610507319416
594	-5.280907753444324	-26.67075140176895	-16.58186840806602	-2.0419543934882984
595	-3.6995228463289056	-26.076555644389884	-16.302839186460197	-1.765572161063203
596	-4.167180344354832	-26.135875387829916	-16.367046710924658	-2.1003800035735614
597	-4.050621282334074	-26.0730365227049	-16.261461153173606	-1.5193224888579815
598	-3.922932778110689	-26.09277883324159	-16.098205161596205	-0.9178166242414095
599	-4.391964322685053	-25.958604532598724	-16.24900650305977	-1.9375441051501847
600	-5.2016007337759556	-26.54120399889384	-16.381011628339586	-1.6158428122691015
601	-6.176503628582608	-26.63158851348723	-16.799447148332405	-2.8426769253559625
602	-5.617905835019631	-26.9920579016243	-16.75226910409718	-2.351005541648681
603	-5.115626120189101	-26.108095885124424	-16.437712086689217	-2.330534540463096
604	-7.4161118804059445	-28.342636657494417	-16.776011182636942	-1.7771621604233592
605	-5.077064410865478	-27.176408500279482	-16.657846297524742	-2.081464404838849
606	-4.569294317627982	-27.173081169838614	-16.645398410287495	-1.763530110912588
607	-5.51656957793595	-27.384651013352983	-16.965068438975504	-3.15708061824157
608	-6.670074537232959	-27.910427868975503	-17.240668512601346	-2.764454758450914
609	-5.267840145424572	-28.171420650295186	-17.260877662234268	-2.66874231721397
610	-7.698699501599397	-28.402679626678694	-17.73257833313601	-3.932760916438988
611	-4.997216536098557	-27.90576469402086	-17.47098381560672	-3.1713122347093092
612	-5.452473160531301	-27.77456588449366	-17.4888219671596	-3.090973000219859
613	-6.781131641216401	-28.682582961222657	-17.724654787601693	-3.238457508945242
614	-5.138728463833349	-28.78104801370602	-17.657923795844646	-3.3012560552277592
615	-3.262920938023968	-28.52435212886178	-17.19414769613761	-1.7637592542082174
616	-4.353662993071443	-28.70986668967739	-17.208987926016004	-2.1088590338623816
617	-6.86061977811084	-28.681821205304654	-17.48528371796116	-2.990749559197741
618	-5.519202775507694	-29.143489453878004	-17.48555778813747	-2.3073658410271913
619	-5.122226403974361	-29.155600142839074	-17.52182497396385	-2.779246798840373
620	-7.094342095529243	-29.431399457802808	-17.8631237064801	-3.0424251203967105
621	-5.746424198487481	-28.908011479711167	-17.797405822363523	-3.343086859341145
622	-4.649111754737204	-29.07030855825245	-17.51435985766388	-1.7165111610029822
623	-4.628348745651393	-28.788381174750448	-17.565621206485375	-2.4899027236868716
624	-5.317739147377082	-28.72312054672897	-17.604721619619703	-2.2686560996724525
625	-3.883202164225627	-28.11118237785514	-17.49278237485105	-2.0814484887930935
626	-6.174309824375537	-28.70236893138918	-17.85760931467905	-2.9634963918025066
627	-3.9902161398594496	-28.28906465215369	-17.42338068262841	-1.8678873868647143
628	-7.69188254850598	-30.037352739209414	-17.958113214498443	-2.1776751454260572
629	-6.586882176504032	-29.237933720862532	-17.822909574144123	-2.166666904119067
630	-3.4232907189135338	-27.97569645294084	-17.24058248230442	-1.1657627146903533
631	-6.128298907734666	-27.71231438854505	-17.630923603723943	-2.8524212984060116
632	-5.422509040686979	-28.213512412419412	-17.580589188847263	-2.278635545076091
633	-4.14971652213262	-27.920299431530932	-17.340622580569327	-1.3695578098551249
634	-6.500394963812589	-28.232961828331185	-17.74375414180302	-2.5369649416328848
635	-4.527429301712689	-27.804828359745745	-17.530835429334896	-1.8824672178982993
636	-5.537376977725852	-28.442912036553732	-17.539866463277693	-1.5054616340477944
637	-5.710794745185964	-27.847663093350924	-17.638524799597775	-2.4239646970652133
638	-4.533525320224775	-27.619133990130003	-17.621790730260397	-2.5796503485845697
639	-3.869630344408418	-27.881841462151584	-17.378915749412332	-1.8172846865183827
640	-4.516482744742429	-27.800404619613502	-17.356712373555425	-1.8990327372595786
641	-5.5794367305130494	-27.753462804705556	-17.475892147837506	-2.5768849485741994
642	-3.2463351169644437	-27.563627881872694	-17.133210359189228	-1.3568274914251237
643	-5.7839827371081505	-27.73717238865596	-17.515365499492656	-3.0704314307387155
644	-4.869034440207261	-27.449075473280672	-17.417812617621404	-2.841261968818783
645	-4.7316964321332655	-27.70293351003073	-17.304740263142854	-2.2445463831018855
646	-5.03347156658499	-26.928832766209208	-17.255472159598018	-2.635009123636186
647	-5.099502473019356	-26.968011244875566	-17.299013080732188	-2.863421569655236
648	-5.277757590420777	-26.90494143589824	-17.372133903271042	-3.5634194532163717
649	-4.658913949452304	-26.904191797916845	-17.18646043089345	-2.902147415557685
650	-5.6936578395115784	-27.728537980433103	-17.298509920438715	-2.6133245794166555
651	-6.447637351178696	-28.628321004879737	-17.475316951058836	-2.6044727297487875
652	-7.605798544219946	-28.59586285716263	-17.72766307829171	-3.456454314268008
653	-6.4266673852951355	-29.143606160174173	-17.685603942649877	-2.524874401760962
654	-4.181117238040614	-28.400876439976564	-17.418580945140906	-1.7294791291739204
655	-5.099985308444481	-28.5247971182611	-17.569540457423255	-2.2265666746170854
656	-3.7413355359716896	-28.275231918511732	-17.320487945334207	-1.4345300383511064
657	-3.597269732171857	-28.286302605946382	-17.198398458759826	-1.0355811030653963
658	-6.980451804578966	-28.595732184978775	-17.815675495775654	-3.4865315609006275
659	-5.06267684727575	-27.954601608725238	-17.49080144438899	-2.635765927388009
660	-6.039934028995463	-28.026201364998812	-17.52646529616928	-3.2881383578912144
661	-3.7652786742706734	-27.137817062886857	-16.935844245712534	-1.8285680256855832
662	-5.376340083416842	-26.95879488390164	-17.00032435083791	-2.3057975421497634
663	-7.698793955159404	-27.452155147833395	-17.489291634628344	-3.2766216148097933
664	-6.815397144644971	-28.35053267578434	-17.510152902255044	-2.523162955057701
665	-3.4553157032124533	-27.244734890495206	-16.989956239984284	-1.5788327903718695
666	-4.921146932157771	-27.12829910146729	-17.072010578238476	-2.512532717368894
667	-4.929239771122987	-26.933038159091847	-17.04209552604341	-2.5016235404843523
668	-4.563677058592163	-26.737637415953564	-16.98903588768054	-2.6203201148190254
669	-3.541360207149338	-26.244136316141258	-16.707964330103078	-1.8932349194444464
670	-4.516493246797907	-26.475202622295466	-16.68161593068418	-1.9399008712330899
671	-4.323705060374668	-26.618732080262262	-16.514967206307823	-1.3073742215111266
672	-5.0192026887120695	-26.409176341679203	-16.546622220680483	-2.035507676709295
673	-3.256341233286686	-25.903402154074975	-16.14522686111057	-1.1227250649329608
674	-5.118300349389489	-25.77434364932732	-16.327529437927268	-2.552396113933241
675	-4.881314089560933	-26.7080079443345	-16.21222884281558	-1.2429829723774004
676	-5.163767853848463	-26.051926177558343	-16.337849156629844	-2.4373275410642816
677	-5.935852237084404	-26.25434805973011	-16.460074880643027	-2.1686136770420155
678	-7.914566842054485	-27.288402764662592	-16.970844339506115	-2.586104767721191
679	-7.222851862238457	-27.23144679382537	-17.23831093567507	-3.1856340207306784
680	-6.070818259580141	-27.43380794729795	-17.25173020967879	-3.235861435336257
681	-4.1625633018892145	-26.915536895084447	-16.984527349958285	-2.595460100934426
682	-4.551905659467524	-27.029754692790696	-16.9635185482213	-2.1732372367199693
683	-2.6808183982591336	-26.640673439595815	-16.501803399502478	-0.8352768721457835
684	-4.747199363299681	-27.415868527649224	-16.75832760526708	-1.909991557211523
685	-3.1895115318290825	-26.388784851076775	-16.345448550955815	-1.1149254783551503
686	-4.010762705493841	-26.3867346150309	-16.480972159278352	-1.9250060097405364
687	-4.972825985714452	-26.5329805880854	-16.713663191321267	-2.4646093129507354
688	-4.085515674099955	-26.717786606033094	-16.587177726162786	-1.3328130133080136
689	-6.697837822382869	-28.310705352800365	-17.150651683951597	-2.060778805518046
690	-4.612356953592481	-28.27560482219976	-17.16635675664847	-2.4001269390776554
691	-4.446188696754603	-27.970232006160554	-17.134436144968443	-2.190374167494811
692	-4.92181584119065	-28.429245376607952	-17.127493090737527	-1.568054729851264
693	-4.7451436173050485	-27.908847407890324	-17.057194976568706	-2.0225848936612945
694	-6.855185565111103	-29.020715167096782	-17.355305736761533	-2.4634059761694247
695	-5.7970209660067855	-28.62733015203093	-17.316363231633545	-2.8242844793340454
696	-5.908785808421524	-28.826743744015634	-17.32260677425376	-2.182394333268445
697	-2.568496680422643	-28.612039873574872	-16.9716742286042	-0.8635987551902782
698	-3.576631741180465	-28.092319171409212	-17.021725928891133	-1.9606774629286499
699	-4.960975371327158	-27.848789096072636	-17.116489908945347	-2.7078998629312814
700	-6.127804619469595	-28.54580839455099	-17.261825987475873	-3.0085644100372093
701	-8.234061908884811	-29.79601181554616	-17.698692923341717	-3.043845657816154
702	-5.19365675725946	-29.662265979279315	-17.60230672097429	-2.910609508286032
703	-6.443231831258616	-29.231310704805388	-17.791287127699096	-3.587169878393384
704	-4.880389579484542	-29.692604095381718	-17.59878915949193	-2.4095979447851206
705	-5.54271385713204	-29.854164649717028	-17.781374838524407	-2.367795262745753
706	-6.860305064181924	-30.125824411297227	-18.1772683084857	-3.6100563687256613
707	-5.44300743185347	-29.677868007931483	-17.78625571009156	-1.8055092668701738
708	-5.87544869150443	-29.162390411059363	-17.78538438224134	-2.3210674654213297
709	-4.170025364827435	-28.939333126043902	-17.67629571435648	-2.42727344283297
710	-1.9449628520571105	-28.548094629540298	-17.175891213745878	-0.7284427513464332
711	-3.82725583250096	-28.364375457408865	-17.44230142037365	-2.0175312864130412
712	-5.4046630406989085	-28.746532331887302	-17.632096755179784	-2.094213300278185
713	-6.227318747534166	-28.448075127735525	-17.670073135982303	-1.9768985655591123
714	-5.9921480115577985	-28.851300437226556	-17.872639166926426	-1.9452783809053513
715	-8.074442288332616	-30.07340094895666	-18.651583159880676	-3.0989042993808376
716	-5.708673931217352	-29.57816066383713	-18.594137746378237	-3.0836185814098616
717	-6.295775211680446	-30.674560829981484	-18.53355504456314	-1.6000515220196292
718	-5.465590867489638	-29.896529418706926	-18.47713189425918	-2.527315842141143
719	-4.3072548672869635	-28.968554763583114	-18.26326434184385	-2.542659014576829
720	-6.577179546822848	-29.184617727083545	-18.460983502381993	-2.8922559677157866
721	-4.4668325230852926	-29.144445335774098	-18.185022628414643	-1.67656606654386
722	-4.3169020824426205	-28.71177681607368	-18.270170711191152	-2.576243593717401
723	-6.4257837565850515	-29.776513136917828	-18.44136017453385	-2.576892100156109
724	-6.9518010855293175	-30.25416922091866	-18.55081989371018	-2.605811945819652
725	-4.3133619830126175	-29.76148046256904	-18.276275167851583	-2.485713178209444
726	-5.0171954441937014	-29.66807266305282	-18.20964225836777	-2.3474203971474403
727	-6.1167529917836685	-29.632279936483823	-18.27051164212989	-2.296956842859339
728	-7.91159559716145	-30.19367976724454	-18.728903225015745	-4.055124301817368
729	-7.119227063043751	-29.928086458772622	-18.65113339823528	-3.6716080284299966
730	-5.253262492139893	-29.696259525414394	-18.480843418350954	-2.7458610815629236
731	-5.350907307149122	-28.802132596694456	-18.41668091359913	-2.530716474129751
732	-5.970791302653978	-28.84834539224243	-18.723145240652478	-3.7213108462295876
733	-6.567819389620076	-29.837944839209683	-18.801213004271002	-2.5116816106214106
734	-3.8811786449854346	-29.016782632940348	-18.591206986256665	-2.5145516329426316
735	-5.580432238001394	-29.162155888745694	-18.83793521512778	-2.9935002751242608
736	-5.92925130328796	-30.534931656932315	-18.924318619185748	-1.9912543469022257
737	-6.425686191513914	-30.64017820461621	-19.168151190921947	-2.994640350837877
738	-8.7026347899947	-30.344189708219037	-19.468181887205546	-3.7647077592965097
739	-6.074662002762335	-30.110042600260726	-19.336244822796566	-3.4226930751934126
740	-7.045155065623648	-29.933986091761664	-19.502405136394817	-3.708561637671334
741	-5.60269411409141	-29.984446064612424	-19.40726870780275	-3.4428449804161105
742	-5.686473462857228	-29.697933551402034	-19.49128753150311	-4.035045893327328
743	-5.778673349419785	-29.932379205476558	-19.34681115021255	-3.2368364802396283
744	-7.339566776130397	-30.29379117865741	-19.610610118526672	-4.0918590213980055
745	-4.106716179546527	-29.779274917089673	-18.955322527175525	-1.1771401964277786
746	-3.806230531246687	-28.947715979686457	-18.98730553306834	-2.5725456567422595
747	-5.170386656430047	-29.259138419747693	-19.120994150118598	-2.7045652432589247
748	-6.082647937077752	-29.51781805859681	-19.299209783920432	-3.6763714592997676
749	-7.359309194628412	-29.569771415044197	-19.51594006142425	-4.027611758544866
750	-5.538106670819473	-29.860316214492343	-19.423188945947167	-3.3822501127720463
751	-4.9429049923636725	-29.61614624721548	-19.228158210041602	-3.1272501534803587
752	-7.826744613418604	-30.26694727902293	-19.667755111672545	-4.5347636711811194
753	-9.258907388566191	-31.358841022717048	-19.88906780349974	-4.367132866793221
754	-7.666352010818333	-30.507512779865095	-19.826288780483395	-5.270586616754579
755	-6.871662829716113	-30.769939326283367	-19.56924877954644	-4.255698008521074
756	-6.619902970438791	-30.679952932302147	-19.315200525569463	-3.388681467778334
757	-7.453808589025788	-30.529306624821903	-19.45384358245687	-4.236150932334621
758	-7.546723368006716	-30.303436613243342	-19.455324848568733	-4.076147536027497
759	-8.501001377142742	-31.293268053509603	-19.693350653772825	-4.6844151757385
760	-7.405703352968102	-32.05270963976635	-19.435695029912857	-2.7257106558544755
761	-9.855684197184527	-33.43669605945883	-20.03380011927928	-3.2202257823591816
762	-6.620798784375005	-31.89731867257049	-19.856683259365617	-3.7115457100825093
763	-6.97110918014332	-31.482437581318962	-19.835633462354885	-4.151851844677097
764	-6.645320247534109	-31.642680990611456	-19.735849927509683	-3.586138436309067
765	-6.467115261358867	-31.352526261349457	-19.791252381785974	-3.8053429068674443
766	-7.197777747928928	-31.450373818562245	-19.989924393006802	-4.482544481817327
767	-7.226422049906188	-31.291799299646048	-20.03722548610346	-4.58899545214627
768	-7.93242922139421	-31.432169202775853	-20.132709502968307	-4.759180283327444
769	-6.058659105171675	-30.954252877952783	-19.683346982592443	-3.1308765115163797
770	-7.680391340762294	-30.76299362709705	-19.880529050437907	-4.224592255786205
771	-7.9101501378885875	-30.53180511570664	-19.983616263494426	-4.146695727333498
772	-6.9277048461949	-30.414794482043845	-20.026045058980337	-4.627083651268028
773	-8.996626248971147	-31.119387221802988	-20.409965682316326	-5.336738658450007
774	-7.610809839738529	-30.614580306293025	-20.386046390663335	-5.3953074954306075
775	-5.967366600035637	-30.568786417041057	-19.920918260942468	-3.192987718415052
776	-6.0219682090084445	-30.314960958999745	-19.915092631007592	-4.1395651194328495
777	-7.053945675705527	-30.676259969024912	-19.97415362597136	-3.6841928730409674
778	-7.235873737936407	-30.464990896661945	-20.08238949292979	-4.224299810105471
779	-4.887885723013027	-30.245326101082203	-19.702578926333977	-2.933315265772882
780	-4.6413215037715565	-30.233512628704677	-19.49721492428279	-2.3086124606942735
781	-6.568715554867332	-29.861101108409503	-19.58815063782898	-3.2409976988510887
782	-5.513025048330941	-29.65324704840925	-19.345186778384786	-2.3600011145978774
783	-8.32512817122539	-30.46532939391946	-19.914889654260385	-3.780264791129138
784	-5.558082070315525	-30.21480544986984	-19.756167394490355	-3.1477868168199787
785	-5.009461752350187	-30.10855004911406	-19.678807366344813	-3.1160883150222
786	-6.550191150066053	-30.387380959073525	-19.815028522343933	-3.8539513196316086
787	-5.0502623912722875	-29.604971773516414	-19.522177918832377	-3.135941045324875
788	-5.3383574883151494	-30.14198565926476	-19.465000356621164	-2.6722609759383578
789	-5.633945719004599	-29.956001918827248	-19.292446548110437	-2.1374099317211694
790	-4.927112979189579	-29.400915362781188	-19.00929793485125	-2.2062992541822153
791	-5.6498624902185375	-29.30310164690895	-19.08906648177515	-3.5307271392436856
792	-4.9135477992638625	-29.117736045627552	-18.814536128530076	-2.554356177288799
793	-4.576820982801176	-29.15704062859529	-18.61882396112471	-2.6604028153904262
794	-5.636324267123036	-29.696491036680673	-18.63165285167406	-2.930327724085858
795	-6.129416105648058	-29.686819147068434	-18.570805494875607	-2.225118810844908
796	-5.42376260597866	-28.84300083678062	-18.57994121016636	-3.375886982099109
797	-4.07979219745879	-28.53528020920285	-18.308551931102333	-2.7966668662954914
798	-6.025767837365227	-28.618618742924063	-18.44852213953064	-3.245538416686433
799	-5.591418748193511	-28.27888095130693	-18.438859726835883	-2.384426177290899
800	-4.159775298460431	-28.259646696681887	-18.36447843639346	-2.070588179896573
801	-5.477306154828435	-28.403538567993962	-18.583221390626044	-3.327305130879878
802	-6.121128615188065	-28.804135361424645	-18.54008007315707	-2.7819084028722285
803	-6.329936909401145	-28.942170905551624	-18.731916861406386	-3.741004415517118
804	-3.4296227227014726	-29.141103997922148	-18.274889365977955	-1.735440438528617
805	-6.32110730318811	-29.468184187916723	-18.692161594490237	-3.097267563593119
806	-5.252896431476001	-29.303280284384147	-18.602022481509486	-2.951214263307666
807	-5.857338823028611	-29.074590021777237	-18.69927082016389	-3.673324555687509
808	-5.155619938277519	-29.682483722833297	-18.491505041286196	-1.7756539758317076
809	-4.5960754505096	-29.38365606253615	-18.45232469138739	-2.848681095815517
810	-6.611432803932415	-29.589861486688086	-18.545822331640682	-3.3779673880109766
811	-4.424811602482352	-28.942934547971696	-18.127378790544586	-2.182405704835739
812	-4.643900824282574	-28.645551574791906	-18.106295104540795	-1.8994791167110412
813	-5.102283448314039	-29.0578365252791	-18.217575383930335	-2.322449899658099
814	-4.773854648900363	-28.904827223010745	-18.09863670262115	-1.7223253858152228
815	-4.9632536921937715	-29.04549031774528	-18.159803632388495	-1.7408475650096458
816	-4.191087864553332	-28.270972804316433	-18.00428067745506	-1.5975979583946494
817	-6.856928075036169	-29.236626961090234	-18.518198581852854	-3.197821653148328
818	-5.616592087371718	-28.935408816967477	-18.33826617756312	-2.7356759564032993
819	-4.890621515745027	-28.911223202878958	-18.2546257742485	-2.8309639454000246
820	-4.239597823256402	-28.98270556686033	-18.044864256830785	-2.1265160370355276
821	-5.005841260379017	-29.13541421212113	-18.118543908491958	-2.6407972644186164
822	-6.633626283497484	-28.357015036097806	-18.237681731640343	-3.6316172180436395
823	-5.5771291967792855	-28.6053073513631	-18.073272462135787	-2.919996081045359
824	-6.464126482968692	-29.278737386527222	-18.18999490611638	-2.463605979227612
825	-3.6902997700388727	-29.16430290659435	-17.861711547758848	-1.6597415049895634
826	-4.7218139309910105	-28.692525596581607	-17.881149897366296	-2.417067383775693
827	-9.269998261720286	-30.701320346879662	-18.68810474097221	-3.521297266730947
828	-6.556874595725796	-29.127077665386288	-18.53372820250747	-3.8850000454039435
829	-5.521236523736647	-28.79406769791263	-18.40318078007886	-3.345732717621556
830	-5.168196881396216	-28.852056973906542	-18.22362269409109	-2.317362563334878
831	-8.825947624446105	-31.30050416074991	-18.87126816492797	-2.120867342098136
832	-5.142807062374635	-29.935278478241486	-18.804499711457613	-3.7911559137798037
833	-5.204820797092158	-29.78054947113768	-18.643642607956334	-2.4760675804839933
834	-4.919868935852125	-30.21364203377741	-18.661169621916333	-1.6755554200265408
835	-4.179240527647169	-29.81708004608018	-18.6762649693686	-2.5352048150244793
836	-4.393475658019161	-29.55320436809146	-18.505301178389065	-2.600797248466765
837	-6.9144227255886355	-30.461122319942554	-18.686409344165465	-2.8492696617493984
838	-5.237794580034345	-29.12449831035861	-18.419172087413504	-2.9656730570337384
839	-7.083075286023748	-30.2433912083089	-18.542036026749315	-2.1630718105762234
840	-7.200367803601658	-30.482396574700562	-18.579302005386786	-2.1176525345464605
841	-7.39322630627191	-29.93273566023489	-18.811439267241525	-3.4139736127757194
842	-5.263323894328519	-29.44305544657896	-18.671776331787427	-3.1866687744938242
843	-6.382633202870589	-29.296431565736405	-18.775184146048733	-3.543856679370386
844	-5.327713836564795	-28.786773111611456	-18.55305898854461	-2.7400241672459886
845	-7.758369036619436	-29.421958154933538	-19.061947008705822	-4.180080477283865
846	-4.913391220243166	-28.281688253169307	-18.554729750809265	-3.3826711356626706
847	-8.3190561179595	-29.848947346108083	-18.99215721931449	-3.6641636591225843
848	-4.648371277431496	-28.83639668755877	-18.607458989438268	-2.823493823381952
849	-5.079369552814591	-28.79488282063103	-18.58282268193726	-3.057584667961013
850	-4.764444273089449	-28.510864506407252	-18.510012740331703	-3.1441704104450228
851	-5.148382225312294	-28.818534370101357	-18.570069998923245	-3.3914866001395074
852	-6.453567885658997	-29.421212993497658	-18.71804540887362	-2.9254823301665933
853	-6.16002204600444	-29.387063451650445	-18.771018668805155	-2.99059590984152
854	-6.898177001175487	-29.129377736488692	-18.855459988049862	-3.535679156415146
855	-4.855133432572321	-28.690811883557654	-18.440935500765196	-2.490762979027325
856	-5.594604748850069	-28.695257999214505	-18.512148875270913	-3.025288791393359
857	-3.801818446853495	-28.236804111950637	-18.127346529325493	-2.1629396759555872
858	-4.392889637700069	-28.408778368957563	-18.130190548251708	-2.1514765078693396
859	-5.504482417638165	-28.664412932912388	-18.260850571901347	-2.4852395191234216
860	-8.191131784295544	-29.66234646146672	-18.703372943160932	-4.051963492554603
861	-5.668560370272728	-28.729242980941983	-18.455085879852064	-3.6667304550569906
862	-4.3580382319241515	-28.820590081543674	-18.150232046029547	-1.9866962069341785
863	-4.187424088825877	-28.090826665934788	-18.03440339235849	-2.9165539562889453
864	-8.448891507120718	-28.96328927567616	-18.555399473489693	-4.069691346640827
865	-5.555703274154499	-28.877779851250587	-18.25231898382822	-2.7320214942102092
866	-5.2813657583741636	-29.03802261037923	-18.25202012641021	-2.891920981831116
867	-6.111459380009944	-29.0447280120714	-18.204159239988133	-3.0863619623232452
868	-6.620453659986284	-29.310028104427502	-18.284030953654298	-3.3667405522669047
869	-3.0271984674520933	-29.01973109244979	-17.539762968479256	-1.0676996861334151
870	-4.354741743123922	-28.678955198943836	-17.517592398876356	-2.0137435714437255
871	-4.4572766028205955	-28.217483652998098	-17.481018335844382	-2.5285298908722327
872	-6.850014253452756	-29.672376021784157	-17.722507878204997	-1.655198360829687
873	-4.801777253707249	-27.88461182296391	-17.56765719178985	-2.2267766516473935
874	-4.736172320180422	-27.992565174534594	-17.59829057549895	-2.494504403651883
875	-5.785170765507696	-28.40375869605824	-17.6305293335814	-1.9772861742922498
876	-5.861713781432077	-28.69337904292576	-17.78803623926421	-2.30765379082008
877	-7.572466244018754	-28.4416499191959	-18.179441788427038	-3.7302393855415357
878	-6.439701386136647	-28.53632834805909	-18.126383255677226	-3.535424707610979
879	-5.4867046302463445	-28.554276989806105	-18.030649632910844	-2.5831948824792867
880	-6.060422193199842	-28.562031303263442	-18.269727345162604	-2.9841609354712686
881	-6.631471074326667	-29.17554011973752	-18.531297228931095	-3.1032698624811106
882	-4.985951791164431	-28.66785244857824	-18.353815048221744	-2.8197793065097567
883	-4.981820896633909	-28.43998687282791	-18.344796752670145	-3.3055488149922274
884	-5.0567748444074025	-28.712179233411135	-18.2633732238179	-2.8165107859373775
885	-5.949621282253513	-28.752690863239348	-18.143157747289685	-2.4713883649761104
886	-4.874304458519178	-28.729084559413884	-17.879358452016294	-1.8330701926450448
887	-4.895715208082364	-28.442990503556445	-17.79091489789478	-2.5961715350220818
888	-6.07874493880444	-27.69184808646165	-17.665159326087593	-2.6846704014541736
889	-4.8987172065009545	-27.10081975113139	-17.59539793858021	-2.9688289131225436
890	-6.045827213572763	-27.068573458063565	-17.79402870573655	-3.6692353336272605
891	-6.0499260745224355	-27.425042544041247	-17.85123035795183	-3.3518998206157766
892	-6.901895835819975	-28.16625694151509	-18.023412715953175	-2.7492099903033482
893	-4.962125767079234	-27.929140703981783	-17.959340496939934	-2.6239870364309907
894	-6.130838496940989	-28.095176735266136	-18.20241165920692	-3.2020293368254658
895	-6.601607507289558	-28.79857662434742	-18.347648352529937	-3.342488307668122
896	-5.89207082192569	-28.267081076664326	-18.186412936299995	-3.2718557372890444
897	-6.385809959073328	-28.04988627552573	-18.278867775349124	-3.657312013014157
898	-8.412754460463141	-29.015798812171717	-18.59606651850646	-3.460469940982568
899	-7.203141453959847	-29.49721717084928	-18.681883375887068	-3.268156816196057
900	-5.028262188294415	-28.767077536703383	-18.378952916745387	-2.585652537186934
901	-4.746471838730616	-27.979837008143303	-18.24824167634737	-2.6292213134879576
902	-4.933478919066927	-28.329771897749808	-18.221291177305705	-2.2031244185797787
903	-5.481488011529078	-28.14971095074873	-18.260899112460518	-3.009638105721139
904	-5.708114292456118	-28.066735404357704	-18.303399946899304	-3.8168942462874442
905	-6.728585737295513	-27.92977479202659	-18.190668685300604	-2.7948194760422904
906	-8.31056944353564	-28.49437601011673	-18.560458721355392	-3.947396871394086
907	-5.8798272169456025	-28.61113466361747	-18.33854655341883	-2.8768022095574057
908	-3.3510653481902257	-28.15993357233076	-17.747757966866974	-0.9082721549430195
909	-5.044815626016152	-27.787682704093996	-17.9348566115096	-2.618502415892355
910	-6.442150933646008	-27.924026891858396	-18.13263069793871	-3.4359665013007192
911	-4.657729115323836	-27.67786698687378	-17.812335889721087	-2.2567498860190778
912	-6.240934546811472	-27.280610748090055	-18.008862400397454	-3.687467190955313
913	-4.67112842898689	-27.21715865010559	-17.700454609946355	-2.4191248409216852
914	-6.203357960137214	-27.77439489501606	-17.93684038797736	-2.746045481521119
915	-7.538515772889616	-29.097367865863834	-18.313815648562905	-3.4134899605661473
916	-6.404195220588427	-28.284951106726265	-18.265458851506075	-3.70689156761538
917	-7.514931953118157	-28.645277110252614	-18.536157862947167	-4.395468973055424
918	-6.828464961741368	-28.491876248960548	-18.56783613679196	-4.483638654538904
919	-7.397533428808711	-29.268976761596694	-18.640377155110873	-4.134782153937687
920	-7.586892494189891	-30.01437182886244	-18.688709121585877	-2.8894888318982987
921	-4.456297506985994	-29.124693074242327	-18.38369720632395	-2.4056519680610706
922	-5.005060979237739	-28.94751341990268	-18.411113976926437	-2.824969555914356
923	-4.677247223273403	-28.5637259171385	-18.190607113138917	-2.2499437549178656
924	-4.31129030403371	-28.006896765133487	-18.016665866202068	-2.851841263901482
925	-3.6703710910642777	-28.071120679830056	-17.713795750428922	-1.956230782099602
926	-4.276720845221533	-28.135536803706447	-17.618121945498505	-1.8326814259118498
927	-5.786335158458089	-28.479066098725855	-17.812225114109406	-2.6140359631481416
928	-5.85837490012529	-28.475858101968534	-17.827244427709854	-2.1681007185701207
929	-4.890864156170889	-28.221157709171024	-17.70840674648431	-2.332368462764279
930	-5.040747621664315	-27.38067592952457	-17.604394013592255	-2.9469121431563545
931	-6.054177387595361	-27.517693257452603	-17.819352720798438	-3.726275439827595
932	-7.201764241773099	-27.56361136724547	-17.975681688504075	-3.8768591068143046
933	-7.020835841921563	-27.81172617725817	-17.975605523061557	-3.1685526241781936
934	-4.821794762119434	-27.50840914114468	-17.783580894382606	-2.9721666246846414
935	-4.735663090056544	-27.39409872925784	-17.727465495098624	-2.47393464690085
936	-7.789796043341851	-29.710484787321256	-18.20265826006783	-2.069511645420223
937	-6.156075901379921	-27.9583253142432	-18.279029876634517	-4.072333890253285
938	-6.79590989092344	-28.66907566251288	-18.497213046331364	-3.7599645760178957
939	-7.229005548202949	-28.99181857922803	-18.71792731987034	-4.174953575361624
940	-5.814410679696781	-28.91234746970297	-18.511584064853203	-3.1380127847001766
941	-6.578409654821238	-29.277534406789673	-18.702964731585237	-3.417314696339085
942	-7.3438299823718065	-29.134512702815076	-18.906608078192114	-3.9436628770653095
943	-7.8099003836837335	-30.615789852168824	-19.166929067862352	-3.483288127909625
944	-6.124865235612415	-30.157370223233656	-19.042926781016224	-3.097451549973402
945	-5.126127445951105	-30.172121277466143	-18.92974513112522	-3.002780486377475
946	-8.609868312260467	-30.26330665477316	-19.492560476147382	-5.104693134717637
947	-5.421510213375757	-29.749514725413928	-19.070547403148097	-3.661748936509363
948	-6.322070211298038	-29.890578915839786	-19.10300411970144	-3.8607503031146955
949	-5.175828023858967	-29.256671656342018	-18.744552342189152	-2.97796482866834
950	-5.314197388187182	-28.926076103870034	-18.506242121686917	-2.195266067471977
951	-5.8907302761451374	-28.72572770992599	-18.510272515039283	-3.0161735678611077
952	-3.548838301706563	-27.79382970083134	-17.911346109300734	-2.033533927693647
953	-5.072020915608471	-27.847277374686115	-17.870374166595244	-2.686361784321865
954	-5.577530441043372	-27.76261823754557	-17.85136428512584	-2.6462690240064806
955	-6.165961931854536	-28.14614459792486	-18.126345209391037	-2.8687932102476865
956	-6.2590383310168125	-28.538445401515112	-18.301413195637735	-3.3019177647650415
957	-4.342341172994498	-27.97151279617434	-17.97493919497941	-2.93113985812864
958	-6.023543733719554	-28.215663554013577	-18.098880262076786	-3.3788494422046247
959	-6.925263453457215	-28.29153158448566	-18.227087550987477	-3.989768446191377
960	-9.253213889150983	-30.033058642182386	-18.682171719068073	-4.0110805157267775
961	-9.059467918634533	-29.341290015772774	-18.80314991025897	-4.792796542075181
962	-7.322626718807021	-28.506373463911352	-18.647607659340267	-4.581673961248815
963	-8.071259271214757	-29.528193765432828	-18.768701857911946	-4.2102173340069164
964	-8.226978529757687	-29.469483712180512	-18.772794237438756	-3.6022103110908827
965	-4.228474050731517	-28.827486889308737	-18.436021929494352	-2.4462996434668547
966	-4.797764372233486	-29.237553615656676	-18.432577727529726	-2.1571604354565728
967	-6.204079615381304	-28.792707227022934	-18.568145184151	-3.5290316475135826
968	-5.2281617625139205	-28.4516773679519	-18.153601909703244	-2.760462800325943
969	-5.223302957573945	-28.89751043601219	-17.95146538620645	-1.8745275387904243
970	-4.215715258257553	-28.343708367888954	-17.743872355826557	-1.7814394967959135
971	-4.811815065971853	-27.7278454788295	-17.827942513781327	-2.65778218612081
972	-5.940952990326808	-27.983634864702484	-18.058891605733248	-2.9000254421268106
973	-5.638951206035436	-27.83034614261609	-17.917898370227057	-2.3347901371281132
974	-5.177853567303015	-27.99165742519483	-17.683343585091265	-1.4269627240681828
975	-5.629718590209704	-27.88971853620669	-17.843413952297322	-2.154905316680629
976	-7.123357026291215	-28.356313974765474	-18.204469912511456	-2.7907685831984903
977	-5.950424340718219	-28.994384738830192	-18.234639041155084	-2.490290256332593
978	-7.753294921915582	-29.10088930174662	-18.630992459376458	-4.083435479336996
979	-7.1611098642033895	-29.345079002444105	-18.531005401632097	-2.7994416625860947
980	-5.993133984959086	-28.904948608767192	-18.422251806369047	-3.2962682306187356
981	-4.73772114878018	-28.155359482406457	-18.030570058375066	-2.5750462068788793
982	-5.670514194494141	-28.524667582941078	-18.08003967682832	-2.371974117499656
983	-4.8395956318517825	-27.680690462956278	-17.84313654587717	-2.469150103946217
984	-6.1053503077609035	-28.258007945550354	-18.050467744440656	-2.7180751691911085
985	-5.299760914583851	-28.130502030518482	-17.947508506291513	-1.931878321289667
986	-7.486748460813214	-29.01915115113931	-18.496372060997672	-3.6490378445777885
987	-6.957797473890689	-29.024380705006315	-18.416693482351768	-2.981154449152474
988	-6.377109235037273	-28.926418931858723	-18.55011598820253	-3.7941891545805713
989	-7.820336988825431	-29.202241035016808	-18.76464341932835	-3.538007673698039
990	-6.021843882054372	-29.25926920792365	-18.6192990434601	-2.827702774497718
991	-6.656982850973009	-28.57432666774426	-18.775997507943146	-4.043571226178144
992	-5.568828460057802	-28.806880798516257	-18.648760444549772	-3.4838344905286602
993	-7.552671152612731	-29.626761201956796	-18.890669818203424	-3.7783677916827156
994	-8.05877891325286	-29.414757843669864	-19.220327601251633	-4.521477330132997
995	-8.643101922545084	-31.41338340082432	-19.543398082324273	-4.223215224414771
996	-6.450477468371707	-31.10654752708066	-19.391323228805568	-4.019996214496411
997	-5.724580468863763	-30.184432087244254	-19.170159188362867	-3.437352810823243
998	-7.4294935585968815	-30.809526948852714	-19.357573485221483	-3.825332966265006
999	-7.983288631502101	-31.243505133074027	-19.486567594693597	-3.983556797247671
1000	-6.616832193094555	-31.726887253883415	-19.37959445896159	-2.7933740626761057
