ITERATION	avg. Average Leg distance	avg. Average Trip distance
0	10695.473251028807	10695.473251028807	
1	10855.9670781893	10855.9670781893	
2	10950.617283950618	10950.617283950618	
3	10962.962962962964	10962.962962962964	
4	11032.921810699589	11032.921810699589	
5	11086.41975308642	11086.41975308642	
6	11115.22633744856	11115.22633744856	
7	11213.991769547325	11213.991769547325	
8	11197.530864197532	11197.530864197532	
9	11181.069958847736	11181.069958847736	
10	11172.839506172839	11172.839506172839	
11	11213.991769547325	11213.991769547325	
12	11181.069958847736	11181.069958847736	
13	11205.761316872427	11205.761316872427	
14	11226.33744855967	11226.33744855967	
15	11197.530864197532	11197.530864197532	
16	11205.761316872427	11205.761316872427	
17	11144.0329218107	11144.0329218107	
18	11226.33744855967	11226.33744855967	
19	11222.222222222223	11222.222222222223	
20	11222.222222222223	11222.222222222223	
21	11271.604938271605	11271.604938271605	
22	11242.798353909466	11242.798353909466	
23	11234.567901234568	11234.567901234568	
24	11271.604938271605	11271.604938271605	
25	11255.144032921811	11255.144032921811	
26	11242.798353909466	11242.798353909466	
27	11197.530864197532	11197.530864197532	
28	11119.341563786009	11119.341563786009	
29	11164.609053497943	11164.609053497943	
30	11160.493827160493	11160.493827160493	
31	11131.687242798354	11131.687242798354	
32	11193.415637860082	11193.415637860082	
33	11127.572016460905	11127.572016460905	
34	11172.839506172839	11172.839506172839	
35	11201.64609053498	11201.64609053498	
36	11218.106995884773	11218.106995884773	
37	11234.567901234568	11234.567901234568	
38	11152.263374485598	11152.263374485598	
39	11189.300411522634	11189.300411522634	
40	11193.415637860082	11193.415637860082	
41	11197.530864197532	11197.530864197532	
42	11205.761316872427	11205.761316872427	
43	11189.300411522634	11189.300411522634	
44	11226.33744855967	11226.33744855967	
45	11218.106995884773	11218.106995884773	
46	11201.64609053498	11201.64609053498	
47	11160.493827160493	11160.493827160493	
48	11148.148148148148	11148.148148148148	
49	11185.185185185184	11185.185185185184	
50	11152.263374485598	11152.263374485598	
51	11189.300411522634	11189.300411522634	
52	11144.0329218107	11144.0329218107	
53	11189.300411522634	11189.300411522634	
54	11193.415637860082	11193.415637860082	
55	11226.33744855967	11226.33744855967	
56	11213.991769547325	11213.991769547325	
57	11230.45267489712	11230.45267489712	
58	11197.530864197532	11197.530864197532	
59	11176.954732510289	11176.954732510289	
60	11156.378600823045	11156.378600823045	
61	11205.761316872427	11205.761316872427	
62	11176.954732510289	11176.954732510289	
63	11148.148148148148	11148.148148148148	
64	11226.33744855967	11226.33744855967	
65	11168.724279835391	11168.724279835391	
66	11135.802469135802	11135.802469135802	
67	11234.567901234568	11234.567901234568	
68	11259.25925925926	11259.25925925926	
69	11205.761316872427	11205.761316872427	
70	11164.609053497943	11164.609053497943	
71	11185.185185185184	11185.185185185184	
72	11185.185185185184	11185.185185185184	
73	11185.185185185184	11185.185185185184	
74	11201.64609053498	11201.64609053498	
75	11185.185185185184	11185.185185185184	
76	11251.028806584362	11251.028806584362	
77	11209.876543209877	11209.876543209877	
78	11176.954732510289	11176.954732510289	
79	11148.148148148148	11148.148148148148	
80	11135.802469135802	11135.802469135802	
81	11213.991769547325	11213.991769547325	
82	11222.222222222223	11222.222222222223	
83	11197.530864197532	11197.530864197532	
84	11205.761316872427	11205.761316872427	
85	11209.876543209877	11209.876543209877	
86	11230.45267489712	11230.45267489712	
87	11185.185185185184	11185.185185185184	
88	11222.222222222223	11222.222222222223	
89	11172.839506172839	11172.839506172839	
90	11156.378600823045	11156.378600823045	
91	11160.493827160493	11160.493827160493	
92	11193.415637860082	11193.415637860082	
93	11230.45267489712	11230.45267489712	
94	11218.106995884773	11218.106995884773	
95	11123.456790123457	11123.456790123457	
96	11131.687242798354	11131.687242798354	
97	11131.687242798354	11131.687242798354	
98	11098.765432098766	11098.765432098766	
99	11111.111111111111	11111.111111111111	
100	11098.765432098766	11098.765432098766	
101	11156.378600823045	11156.378600823045	
102	11115.22633744856	11115.22633744856	
103	11119.341563786009	11119.341563786009	
104	11123.456790123457	11123.456790123457	
105	11102.880658436214	11102.880658436214	
106	11127.572016460905	11127.572016460905	
107	11156.378600823045	11156.378600823045	
108	11106.995884773663	11106.995884773663	
109	11176.954732510289	11176.954732510289	
110	11209.876543209877	11209.876543209877	
111	11201.64609053498	11201.64609053498	
112	11275.720164609054	11275.720164609054	
113	11209.876543209877	11209.876543209877	
114	11263.374485596707	11263.374485596707	
115	11168.724279835391	11168.724279835391	
116	11201.64609053498	11201.64609053498	
117	11172.839506172839	11172.839506172839	
118	11185.185185185184	11185.185185185184	
119	11148.148148148148	11148.148148148148	
120	11172.839506172839	11172.839506172839	
121	11131.687242798354	11131.687242798354	
122	11139.91769547325	11139.91769547325	
123	11185.185185185184	11185.185185185184	
124	11209.876543209877	11209.876543209877	
125	11193.415637860082	11193.415637860082	
126	11197.530864197532	11197.530864197532	
127	11181.069958847736	11181.069958847736	
128	11213.991769547325	11213.991769547325	
129	11176.954732510289	11176.954732510289	
130	11144.0329218107	11144.0329218107	
131	11189.300411522634	11189.300411522634	
132	11176.954732510289	11176.954732510289	
133	11209.876543209877	11209.876543209877	
134	11218.106995884773	11218.106995884773	
135	11152.263374485598	11152.263374485598	
136	11181.069958847736	11181.069958847736	
137	11160.493827160493	11160.493827160493	
138	11139.91769547325	11139.91769547325	
139	11152.263374485598	11152.263374485598	
140	11144.0329218107	11144.0329218107	
141	11222.222222222223	11222.222222222223	
142	11189.300411522634	11189.300411522634	
143	11218.106995884773	11218.106995884773	
144	11218.106995884773	11218.106995884773	
145	11213.991769547325	11213.991769547325	
146	11152.263374485598	11152.263374485598	
147	11189.300411522634	11189.300411522634	
148	11246.913580246914	11246.913580246914	
149	11205.761316872427	11205.761316872427	
150	11189.300411522634	11189.300411522634	
151	11218.106995884773	11218.106995884773	
152	11168.724279835391	11168.724279835391	
153	11230.45267489712	11230.45267489712	
154	11226.33744855967	11226.33744855967	
155	11222.222222222223	11222.222222222223	
156	11156.378600823045	11156.378600823045	
157	11193.415637860082	11193.415637860082	
158	11127.572016460905	11127.572016460905	
159	11181.069958847736	11181.069958847736	
160	11164.609053497943	11164.609053497943	
161	11181.069958847736	11181.069958847736	
162	11193.415637860082	11193.415637860082	
163	11185.185185185184	11185.185185185184	
164	11144.0329218107	11144.0329218107	
165	11139.91769547325	11139.91769547325	
166	11209.876543209877	11209.876543209877	
167	11172.839506172839	11172.839506172839	
168	11160.493827160493	11160.493827160493	
169	11189.300411522634	11189.300411522634	
170	11127.572016460905	11127.572016460905	
171	11119.341563786009	11119.341563786009	
172	11131.687242798354	11131.687242798354	
173	11201.64609053498	11201.64609053498	
174	11193.415637860082	11193.415637860082	
175	11213.991769547325	11213.991769547325	
176	11185.185185185184	11185.185185185184	
177	11197.530864197532	11197.530864197532	
178	11230.45267489712	11230.45267489712	
179	11234.567901234568	11234.567901234568	
180	11251.028806584362	11251.028806584362	
181	11242.798353909466	11242.798353909466	
182	11242.798353909466	11242.798353909466	
183	11226.33744855967	11226.33744855967	
184	11197.530864197532	11197.530864197532	
185	11213.991769547325	11213.991769547325	
186	11139.91769547325	11139.91769547325	
187	11230.45267489712	11230.45267489712	
188	11201.64609053498	11201.64609053498	
189	11222.222222222223	11222.222222222223	
190	11156.378600823045	11156.378600823045	
191	11193.415637860082	11193.415637860082	
192	11201.64609053498	11201.64609053498	
193	11168.724279835391	11168.724279835391	
194	11172.839506172839	11172.839506172839	
195	11230.45267489712	11230.45267489712	
196	11251.028806584362	11251.028806584362	
197	11222.222222222223	11222.222222222223	
198	11218.106995884773	11218.106995884773	
199	11168.724279835391	11168.724279835391	
200	11168.724279835391	11168.724279835391	
201	11259.25925925926	11259.25925925926	
202	11271.604938271605	11271.604938271605	
203	11271.604938271605	11271.604938271605	
204	11172.839506172839	11172.839506172839	
205	11213.991769547325	11213.991769547325	
206	11168.724279835391	11168.724279835391	
207	11189.300411522634	11189.300411522634	
208	11193.415637860082	11193.415637860082	
209	11131.687242798354	11131.687242798354	
210	11086.41975308642	11086.41975308642	
211	11065.843621399177	11065.843621399177	
212	11144.0329218107	11144.0329218107	
213	11160.493827160493	11160.493827160493	
214	11172.839506172839	11172.839506172839	
215	11156.378600823045	11156.378600823045	
216	11181.069958847736	11181.069958847736	
217	11164.609053497943	11164.609053497943	
218	11127.572016460905	11127.572016460905	
219	11148.148148148148	11148.148148148148	
220	11181.069958847736	11181.069958847736	
221	11218.106995884773	11218.106995884773	
222	11189.300411522634	11189.300411522634	
223	11176.954732510289	11176.954732510289	
224	11197.530864197532	11197.530864197532	
225	11193.415637860082	11193.415637860082	
226	11230.45267489712	11230.45267489712	
227	11222.222222222223	11222.222222222223	
228	11226.33744855967	11226.33744855967	
229	11193.415637860082	11193.415637860082	
230	11168.724279835391	11168.724279835391	
231	11246.913580246914	11246.913580246914	
232	11164.609053497943	11164.609053497943	
233	11156.378600823045	11156.378600823045	
234	11218.106995884773	11218.106995884773	
235	11127.572016460905	11127.572016460905	
236	11238.683127572016	11238.683127572016	
237	11094.650205761316	11094.650205761316	
238	11213.991769547325	11213.991769547325	
239	11135.802469135802	11135.802469135802	
240	11135.802469135802	11135.802469135802	
241	11160.493827160493	11160.493827160493	
242	11185.185185185184	11185.185185185184	
243	11135.802469135802	11135.802469135802	
244	11148.148148148148	11148.148148148148	
245	11135.802469135802	11135.802469135802	
246	11164.609053497943	11164.609053497943	
247	11098.765432098766	11098.765432098766	
248	11148.148148148148	11148.148148148148	
249	11193.415637860082	11193.415637860082	
250	11115.22633744856	11115.22633744856	
251	11135.802469135802	11135.802469135802	
252	11135.802469135802	11135.802469135802	
253	11176.954732510289	11176.954732510289	
254	11123.456790123457	11123.456790123457	
255	11148.148148148148	11148.148148148148	
256	11172.839506172839	11172.839506172839	
257	11172.839506172839	11172.839506172839	
258	11139.91769547325	11139.91769547325	
259	11172.839506172839	11172.839506172839	
260	11197.530864197532	11197.530864197532	
261	11226.33744855967	11226.33744855967	
262	11226.33744855967	11226.33744855967	
263	11181.069958847736	11181.069958847736	
264	11242.798353909466	11242.798353909466	
265	11201.64609053498	11201.64609053498	
266	11172.839506172839	11172.839506172839	
267	11209.876543209877	11209.876543209877	
268	11189.300411522634	11189.300411522634	
269	11218.106995884773	11218.106995884773	
270	11181.069958847736	11181.069958847736	
271	11168.724279835391	11168.724279835391	
272	11230.45267489712	11230.45267489712	
273	11189.300411522634	11189.300411522634	
274	11230.45267489712	11230.45267489712	
275	11197.530864197532	11197.530864197532	
276	11181.069958847736	11181.069958847736	
277	11148.148148148148	11148.148148148148	
278	11209.876543209877	11209.876543209877	
279	11189.300411522634	11189.300411522634	
280	11230.45267489712	11230.45267489712	
281	11168.724279835391	11168.724279835391	
282	11164.609053497943	11164.609053497943	
283	11181.069958847736	11181.069958847736	
284	11131.687242798354	11131.687242798354	
285	11259.25925925926	11259.25925925926	
286	11246.913580246914	11246.913580246914	
287	11213.991769547325	11213.991769547325	
288	11271.604938271605	11271.604938271605	
289	11251.028806584362	11251.028806584362	
290	11197.530864197532	11197.530864197532	
291	11172.839506172839	11172.839506172839	
292	11139.91769547325	11139.91769547325	
293	11156.378600823045	11156.378600823045	
294	11168.724279835391	11168.724279835391	
295	11156.378600823045	11156.378600823045	
296	11148.148148148148	11148.148148148148	
297	11148.148148148148	11148.148148148148	
298	11156.378600823045	11156.378600823045	
299	11164.609053497943	11164.609053497943	
300	11168.724279835391	11168.724279835391	
301	11152.263374485598	11152.263374485598	
302	11172.839506172839	11172.839506172839	
303	11111.111111111111	11111.111111111111	
304	11152.263374485598	11152.263374485598	
305	11168.724279835391	11168.724279835391	
306	11139.91769547325	11139.91769547325	
307	11181.069958847736	11181.069958847736	
308	11181.069958847736	11181.069958847736	
309	11168.724279835391	11168.724279835391	
310	11193.415637860082	11193.415637860082	
311	11139.91769547325	11139.91769547325	
312	11123.456790123457	11123.456790123457	
313	11119.341563786009	11119.341563786009	
314	11123.456790123457	11123.456790123457	
315	11123.456790123457	11123.456790123457	
316	11160.493827160493	11160.493827160493	
317	11176.954732510289	11176.954732510289	
318	11123.456790123457	11123.456790123457	
319	11160.493827160493	11160.493827160493	
320	11197.530864197532	11197.530864197532	
321	11123.456790123457	11123.456790123457	
322	11148.148148148148	11148.148148148148	
323	11123.456790123457	11123.456790123457	
324	11148.148148148148	11148.148148148148	
325	11185.185185185184	11185.185185185184	
326	11176.954732510289	11176.954732510289	
327	11082.30452674897	11082.30452674897	
328	11111.111111111111	11111.111111111111	
329	11115.22633744856	11115.22633744856	
330	11139.91769547325	11139.91769547325	
331	11251.028806584362	11251.028806584362	
332	11106.995884773663	11106.995884773663	
333	11115.22633744856	11115.22633744856	
334	11127.572016460905	11127.572016460905	
335	11098.765432098766	11098.765432098766	
336	11111.111111111111	11111.111111111111	
337	11078.189300411523	11078.189300411523	
338	11144.0329218107	11144.0329218107	
339	11168.724279835391	11168.724279835391	
340	11115.22633744856	11115.22633744856	
341	11102.880658436214	11102.880658436214	
342	11139.91769547325	11139.91769547325	
343	11176.954732510289	11176.954732510289	
344	11135.802469135802	11135.802469135802	
345	11144.0329218107	11144.0329218107	
346	11098.765432098766	11098.765432098766	
347	11135.802469135802	11135.802469135802	
348	11111.111111111111	11111.111111111111	
349	11176.954732510289	11176.954732510289	
350	11148.148148148148	11148.148148148148	
351	11123.456790123457	11123.456790123457	
352	11213.991769547325	11213.991769547325	
353	11106.995884773663	11106.995884773663	
354	11119.341563786009	11119.341563786009	
355	11144.0329218107	11144.0329218107	
356	11074.074074074075	11074.074074074075	
357	11078.189300411523	11078.189300411523	
358	11074.074074074075	11074.074074074075	
359	11119.341563786009	11119.341563786009	
360	11115.22633744856	11115.22633744856	
361	11189.300411522634	11189.300411522634	
362	11098.765432098766	11098.765432098766	
363	11139.91769547325	11139.91769547325	
364	11139.91769547325	11139.91769547325	
365	11135.802469135802	11135.802469135802	
366	11176.954732510289	11176.954732510289	
367	11172.839506172839	11172.839506172839	
368	11131.687242798354	11131.687242798354	
369	11189.300411522634	11189.300411522634	
370	11193.415637860082	11193.415637860082	
371	11164.609053497943	11164.609053497943	
372	11189.300411522634	11189.300411522634	
373	11119.341563786009	11119.341563786009	
374	11123.456790123457	11123.456790123457	
375	11209.876543209877	11209.876543209877	
376	11160.493827160493	11160.493827160493	
377	11115.22633744856	11115.22633744856	
378	11205.761316872427	11205.761316872427	
379	11209.876543209877	11209.876543209877	
380	11156.378600823045	11156.378600823045	
381	11185.185185185184	11185.185185185184	
382	11185.185185185184	11185.185185185184	
383	11193.415637860082	11193.415637860082	
384	11193.415637860082	11193.415637860082	
385	11185.185185185184	11185.185185185184	
386	11123.456790123457	11123.456790123457	
387	11193.415637860082	11193.415637860082	
388	11164.609053497943	11164.609053497943	
389	11135.802469135802	11135.802469135802	
390	11135.802469135802	11135.802469135802	
391	11156.378600823045	11156.378600823045	
392	11119.341563786009	11119.341563786009	
393	11131.687242798354	11131.687242798354	
394	11127.572016460905	11127.572016460905	
395	11119.341563786009	11119.341563786009	
396	11123.456790123457	11123.456790123457	
397	11156.378600823045	11156.378600823045	
398	11168.724279835391	11168.724279835391	
399	11123.456790123457	11123.456790123457	
400	11123.456790123457	11123.456790123457	
401	11156.378600823045	11156.378600823045	
402	11078.189300411523	11078.189300411523	
403	11152.263374485598	11152.263374485598	
404	11152.263374485598	11152.263374485598	
405	11160.493827160493	11160.493827160493	
406	11148.148148148148	11148.148148148148	
407	11139.91769547325	11139.91769547325	
408	11086.41975308642	11086.41975308642	
409	11102.880658436214	11102.880658436214	
410	11160.493827160493	11160.493827160493	
411	11119.341563786009	11119.341563786009	
412	11156.378600823045	11156.378600823045	
413	11148.148148148148	11148.148148148148	
414	11102.880658436214	11102.880658436214	
415	11074.074074074075	11074.074074074075	
416	11115.22633744856	11115.22633744856	
417	11119.341563786009	11119.341563786009	
418	11189.300411522634	11189.300411522634	
419	11131.687242798354	11131.687242798354	
420	11152.263374485598	11152.263374485598	
421	11164.609053497943	11164.609053497943	
422	11139.91769547325	11139.91769547325	
423	11193.415637860082	11193.415637860082	
424	11094.650205761316	11094.650205761316	
425	11148.148148148148	11148.148148148148	
426	11139.91769547325	11139.91769547325	
427	11078.189300411523	11078.189300411523	
428	11135.802469135802	11135.802469135802	
429	11148.148148148148	11148.148148148148	
430	11131.687242798354	11131.687242798354	
431	11135.802469135802	11135.802469135802	
432	11156.378600823045	11156.378600823045	
433	11144.0329218107	11144.0329218107	
434	11193.415637860082	11193.415637860082	
435	11115.22633744856	11115.22633744856	
436	11168.724279835391	11168.724279835391	
437	11168.724279835391	11168.724279835391	
438	11205.761316872427	11205.761316872427	
439	11218.106995884773	11218.106995884773	
440	11201.64609053498	11201.64609053498	
441	11218.106995884773	11218.106995884773	
442	11271.604938271605	11271.604938271605	
443	11205.761316872427	11205.761316872427	
444	11160.493827160493	11160.493827160493	
445	11148.148148148148	11148.148148148148	
446	11119.341563786009	11119.341563786009	
447	11156.378600823045	11156.378600823045	
448	11106.995884773663	11106.995884773663	
449	11131.687242798354	11131.687242798354	
450	11061.728395061727	11061.728395061727	
451	11069.958847736625	11069.958847736625	
452	11119.341563786009	11119.341563786009	
453	11119.341563786009	11119.341563786009	
454	11119.341563786009	11119.341563786009	
455	11106.995884773663	11106.995884773663	
456	11094.650205761316	11094.650205761316	
457	11115.22633744856	11115.22633744856	
458	11106.995884773663	11106.995884773663	
459	11115.22633744856	11115.22633744856	
460	11111.111111111111	11111.111111111111	
461	11127.572016460905	11127.572016460905	
462	11135.802469135802	11135.802469135802	
463	11148.148148148148	11148.148148148148	
464	11185.185185185184	11185.185185185184	
465	11139.91769547325	11139.91769547325	
466	11086.41975308642	11086.41975308642	
467	11102.880658436214	11102.880658436214	
468	11148.148148148148	11148.148148148148	
469	11255.144032921811	11255.144032921811	
470	11263.374485596707	11263.374485596707	
471	11201.64609053498	11201.64609053498	
472	11193.415637860082	11193.415637860082	
473	11172.839506172839	11172.839506172839	
474	11185.185185185184	11185.185185185184	
475	11197.530864197532	11197.530864197532	
476	11152.263374485598	11152.263374485598	
477	11189.300411522634	11189.300411522634	
478	11139.91769547325	11139.91769547325	
479	11242.798353909466	11242.798353909466	
480	11168.724279835391	11168.724279835391	
481	11205.761316872427	11205.761316872427	
482	11119.341563786009	11119.341563786009	
483	11082.30452674897	11082.30452674897	
484	11181.069958847736	11181.069958847736	
485	11135.802469135802	11135.802469135802	
486	11144.0329218107	11144.0329218107	
487	11185.185185185184	11185.185185185184	
488	11148.148148148148	11148.148148148148	
489	11160.493827160493	11160.493827160493	
490	11181.069958847736	11181.069958847736	
491	11115.22633744856	11115.22633744856	
492	11176.954732510289	11176.954732510289	
493	11168.724279835391	11168.724279835391	
494	11176.954732510289	11176.954732510289	
495	11193.415637860082	11193.415637860082	
496	11185.185185185184	11185.185185185184	
497	11131.687242798354	11131.687242798354	
498	11193.415637860082	11193.415637860082	
499	11139.91769547325	11139.91769547325	
500	11123.456790123457	11123.456790123457	
501	11205.761316872427	11205.761316872427	
502	11148.148148148148	11148.148148148148	
503	11144.0329218107	11144.0329218107	
504	11111.111111111111	11111.111111111111	
505	11181.069958847736	11181.069958847736	
506	11144.0329218107	11144.0329218107	
507	11205.761316872427	11205.761316872427	
508	11127.572016460905	11127.572016460905	
509	11123.456790123457	11123.456790123457	
510	11106.995884773663	11106.995884773663	
511	11127.572016460905	11127.572016460905	
512	11123.456790123457	11123.456790123457	
513	11139.91769547325	11139.91769547325	
514	11131.687242798354	11131.687242798354	
515	11164.609053497943	11164.609053497943	
516	11127.572016460905	11127.572016460905	
517	11127.572016460905	11127.572016460905	
518	11135.802469135802	11135.802469135802	
519	11131.687242798354	11131.687242798354	
520	11160.493827160493	11160.493827160493	
521	11131.687242798354	11131.687242798354	
522	11168.724279835391	11168.724279835391	
523	11119.341563786009	11119.341563786009	
524	11160.493827160493	11160.493827160493	
525	11185.185185185184	11185.185185185184	
526	11144.0329218107	11144.0329218107	
527	11131.687242798354	11131.687242798354	
528	11168.724279835391	11168.724279835391	
529	11106.995884773663	11106.995884773663	
530	11139.91769547325	11139.91769547325	
531	11152.263374485598	11152.263374485598	
532	11160.493827160493	11160.493827160493	
533	11127.572016460905	11127.572016460905	
534	11156.378600823045	11156.378600823045	
535	11078.189300411523	11078.189300411523	
536	11074.074074074075	11074.074074074075	
537	11032.921810699589	11032.921810699589	
538	11086.41975308642	11086.41975308642	
539	11078.189300411523	11078.189300411523	
540	11041.152263374486	11041.152263374486	
541	11090.534979423868	11090.534979423868	
542	11119.341563786009	11119.341563786009	
543	11152.263374485598	11152.263374485598	
544	11074.074074074075	11074.074074074075	
545	11139.91769547325	11139.91769547325	
546	11119.341563786009	11119.341563786009	
547	11144.0329218107	11144.0329218107	
548	11123.456790123457	11123.456790123457	
549	11115.22633744856	11115.22633744856	
550	11246.913580246914	11246.913580246914	
551	11160.493827160493	11160.493827160493	
552	11106.995884773663	11106.995884773663	
553	11106.995884773663	11106.995884773663	
554	11139.91769547325	11139.91769547325	
555	11106.995884773663	11106.995884773663	
556	11164.609053497943	11164.609053497943	
557	11168.724279835391	11168.724279835391	
558	11156.378600823045	11156.378600823045	
559	11139.91769547325	11139.91769547325	
560	11189.300411522634	11189.300411522634	
561	11111.111111111111	11111.111111111111	
562	11127.572016460905	11127.572016460905	
563	11119.341563786009	11119.341563786009	
564	11185.185185185184	11185.185185185184	
565	11168.724279835391	11168.724279835391	
566	11148.148148148148	11148.148148148148	
567	11144.0329218107	11144.0329218107	
568	11123.456790123457	11123.456790123457	
569	11119.341563786009	11119.341563786009	
570	11156.378600823045	11156.378600823045	
571	11119.341563786009	11119.341563786009	
572	11102.880658436214	11102.880658436214	
573	11123.456790123457	11123.456790123457	
574	11106.995884773663	11106.995884773663	
575	11111.111111111111	11111.111111111111	
576	11090.534979423868	11090.534979423868	
577	11111.111111111111	11111.111111111111	
578	11127.572016460905	11127.572016460905	
579	11065.843621399177	11065.843621399177	
580	11119.341563786009	11119.341563786009	
581	11090.534979423868	11090.534979423868	
582	11144.0329218107	11144.0329218107	
583	11160.493827160493	11160.493827160493	
584	11119.341563786009	11119.341563786009	
585	11160.493827160493	11160.493827160493	
586	11094.650205761316	11094.650205761316	
587	11098.765432098766	11098.765432098766	
588	11127.572016460905	11127.572016460905	
589	11106.995884773663	11106.995884773663	
590	11160.493827160493	11160.493827160493	
591	11123.456790123457	11123.456790123457	
592	11074.074074074075	11074.074074074075	
593	11074.074074074075	11074.074074074075	
594	11102.880658436214	11102.880658436214	
595	11078.189300411523	11078.189300411523	
596	11111.111111111111	11111.111111111111	
597	11172.839506172839	11172.839506172839	
598	11123.456790123457	11123.456790123457	
599	11090.534979423868	11090.534979423868	
600	11078.189300411523	11078.189300411523	
601	11131.687242798354	11131.687242798354	
602	11082.30452674897	11082.30452674897	
603	11131.687242798354	11131.687242798354	
604	11259.25925925926	11259.25925925926	
605	11160.493827160493	11160.493827160493	
606	11197.530864197532	11197.530864197532	
607	11160.493827160493	11160.493827160493	
608	11172.839506172839	11172.839506172839	
609	11160.493827160493	11160.493827160493	
610	11168.724279835391	11168.724279835391	
611	11160.493827160493	11160.493827160493	
612	11176.954732510289	11176.954732510289	
613	11181.069958847736	11181.069958847736	
614	11168.724279835391	11168.724279835391	
615	11168.724279835391	11168.724279835391	
616	11135.802469135802	11135.802469135802	
617	11168.724279835391	11168.724279835391	
618	11094.650205761316	11094.650205761316	
619	11164.609053497943	11164.609053497943	
620	11160.493827160493	11160.493827160493	
621	11131.687242798354	11131.687242798354	
622	11201.64609053498	11201.64609053498	
623	11176.954732510289	11176.954732510289	
624	11164.609053497943	11164.609053497943	
625	11148.148148148148	11148.148148148148	
626	11226.33744855967	11226.33744855967	
627	11168.724279835391	11168.724279835391	
628	11255.144032921811	11255.144032921811	
629	11164.609053497943	11164.609053497943	
630	11251.028806584362	11251.028806584362	
631	11135.802469135802	11135.802469135802	
632	11168.724279835391	11168.724279835391	
633	11189.300411522634	11189.300411522634	
634	11164.609053497943	11164.609053497943	
635	11156.378600823045	11156.378600823045	
636	11164.609053497943	11164.609053497943	
637	11222.222222222223	11222.222222222223	
638	11185.185185185184	11185.185185185184	
639	11213.991769547325	11213.991769547325	
640	11144.0329218107	11144.0329218107	
641	11152.263374485598	11152.263374485598	
642	11111.111111111111	11111.111111111111	
643	11148.148148148148	11148.148148148148	
644	11144.0329218107	11144.0329218107	
645	11197.530864197532	11197.530864197532	
646	11176.954732510289	11176.954732510289	
647	11144.0329218107	11144.0329218107	
648	11189.300411522634	11189.300411522634	
649	11164.609053497943	11164.609053497943	
650	11176.954732510289	11176.954732510289	
651	11222.222222222223	11222.222222222223	
652	11259.25925925926	11259.25925925926	
653	11222.222222222223	11222.222222222223	
654	11148.148148148148	11148.148148148148	
655	11160.493827160493	11160.493827160493	
656	11156.378600823045	11156.378600823045	
657	11193.415637860082	11193.415637860082	
658	11168.724279835391	11168.724279835391	
659	11197.530864197532	11197.530864197532	
660	11205.761316872427	11205.761316872427	
661	11164.609053497943	11164.609053497943	
662	11164.609053497943	11164.609053497943	
663	11201.64609053498	11201.64609053498	
664	11168.724279835391	11168.724279835391	
665	11144.0329218107	11144.0329218107	
666	11123.456790123457	11123.456790123457	
667	11135.802469135802	11135.802469135802	
668	11115.22633744856	11115.22633744856	
669	11127.572016460905	11127.572016460905	
670	11119.341563786009	11119.341563786009	
671	11172.839506172839	11172.839506172839	
672	11123.456790123457	11123.456790123457	
673	11135.802469135802	11135.802469135802	
674	11176.954732510289	11176.954732510289	
675	11197.530864197532	11197.530864197532	
676	11193.415637860082	11193.415637860082	
677	11230.45267489712	11230.45267489712	
678	11189.300411522634	11189.300411522634	
679	11185.185185185184	11185.185185185184	
680	11234.567901234568	11234.567901234568	
681	11131.687242798354	11131.687242798354	
682	11139.91769547325	11139.91769547325	
683	11144.0329218107	11144.0329218107	
684	11115.22633744856	11115.22633744856	
685	11152.263374485598	11152.263374485598	
686	11176.954732510289	11176.954732510289	
687	11160.493827160493	11160.493827160493	
688	11201.64609053498	11201.64609053498	
689	11144.0329218107	11144.0329218107	
690	11164.609053497943	11164.609053497943	
691	11205.761316872427	11205.761316872427	
692	11193.415637860082	11193.415637860082	
693	11144.0329218107	11144.0329218107	
694	11193.415637860082	11193.415637860082	
695	11226.33744855967	11226.33744855967	
696	11181.069958847736	11181.069958847736	
697	11222.222222222223	11222.222222222223	
698	11176.954732510289	11176.954732510289	
699	11123.456790123457	11123.456790123457	
700	11156.378600823045	11156.378600823045	
701	11246.913580246914	11246.913580246914	
702	11213.991769547325	11213.991769547325	
703	11144.0329218107	11144.0329218107	
704	11230.45267489712	11230.45267489712	
705	11213.991769547325	11213.991769547325	
706	11201.64609053498	11201.64609053498	
707	11197.530864197532	11197.530864197532	
708	11185.185185185184	11185.185185185184	
709	11135.802469135802	11135.802469135802	
710	11139.91769547325	11139.91769547325	
711	11111.111111111111	11111.111111111111	
712	11172.839506172839	11172.839506172839	
713	11152.263374485598	11152.263374485598	
714	11176.954732510289	11176.954732510289	
715	11185.185185185184	11185.185185185184	
716	11148.148148148148	11148.148148148148	
717	11160.493827160493	11160.493827160493	
718	11218.106995884773	11218.106995884773	
719	11193.415637860082	11193.415637860082	
720	11181.069958847736	11181.069958847736	
721	11164.609053497943	11164.609053497943	
722	11205.761316872427	11205.761316872427	
723	11164.609053497943	11164.609053497943	
724	11230.45267489712	11230.45267489712	
725	11230.45267489712	11230.45267489712	
726	11218.106995884773	11218.106995884773	
727	11152.263374485598	11152.263374485598	
728	11255.144032921811	11255.144032921811	
729	11218.106995884773	11218.106995884773	
730	11189.300411522634	11189.300411522634	
731	11181.069958847736	11181.069958847736	
732	11226.33744855967	11226.33744855967	
733	11213.991769547325	11213.991769547325	
734	11226.33744855967	11226.33744855967	
735	11230.45267489712	11230.45267489712	
736	11160.493827160493	11160.493827160493	
737	11242.798353909466	11242.798353909466	
738	11201.64609053498	11201.64609053498	
739	11181.069958847736	11181.069958847736	
740	11148.148148148148	11148.148148148148	
741	11168.724279835391	11168.724279835391	
742	11172.839506172839	11172.839506172839	
743	11205.761316872427	11205.761316872427	
744	11148.148148148148	11148.148148148148	
745	11156.378600823045	11156.378600823045	
746	11156.378600823045	11156.378600823045	
747	11148.148148148148	11148.148148148148	
748	11111.111111111111	11111.111111111111	
749	11139.91769547325	11139.91769547325	
750	11131.687242798354	11131.687242798354	
751	11152.263374485598	11152.263374485598	
752	11144.0329218107	11144.0329218107	
753	11119.341563786009	11119.341563786009	
754	11156.378600823045	11156.378600823045	
755	11123.456790123457	11123.456790123457	
756	11131.687242798354	11131.687242798354	
757	11152.263374485598	11152.263374485598	
758	11234.567901234568	11234.567901234568	
759	11144.0329218107	11144.0329218107	
760	11193.415637860082	11193.415637860082	
761	11185.185185185184	11185.185185185184	
762	11176.954732510289	11176.954732510289	
763	11218.106995884773	11218.106995884773	
764	11181.069958847736	11181.069958847736	
765	11189.300411522634	11189.300411522634	
766	11209.876543209877	11209.876543209877	
767	11193.415637860082	11193.415637860082	
768	11135.802469135802	11135.802469135802	
769	11148.148148148148	11148.148148148148	
770	11181.069958847736	11181.069958847736	
771	11148.148148148148	11148.148148148148	
772	11189.300411522634	11189.300411522634	
773	11201.64609053498	11201.64609053498	
774	11156.378600823045	11156.378600823045	
775	11172.839506172839	11172.839506172839	
776	11193.415637860082	11193.415637860082	
777	11172.839506172839	11172.839506172839	
778	11189.300411522634	11189.300411522634	
779	11139.91769547325	11139.91769547325	
780	11152.263374485598	11152.263374485598	
781	11189.300411522634	11189.300411522634	
782	11168.724279835391	11168.724279835391	
783	11168.724279835391	11168.724279835391	
784	11152.263374485598	11152.263374485598	
785	11123.456790123457	11123.456790123457	
786	11098.765432098766	11098.765432098766	
787	11152.263374485598	11152.263374485598	
788	11148.148148148148	11148.148148148148	
789	11144.0329218107	11144.0329218107	
790	11164.609053497943	11164.609053497943	
791	11164.609053497943	11164.609053497943	
792	11148.148148148148	11148.148148148148	
793	11189.300411522634	11189.300411522634	
794	11197.530864197532	11197.530864197532	
795	11209.876543209877	11209.876543209877	
796	11152.263374485598	11152.263374485598	
797	11205.761316872427	11205.761316872427	
798	11193.415637860082	11193.415637860082	
799	11222.222222222223	11222.222222222223	
800	11164.609053497943	11164.609053497943	
801	11139.91769547325	11139.91769547325	
802	11213.991769547325	11213.991769547325	
803	11213.991769547325	11213.991769547325	
804	11189.300411522634	11189.300411522634	
805	11172.839506172839	11172.839506172839	
806	11176.954732510289	11176.954732510289	
807	11176.954732510289	11176.954732510289	
808	11213.991769547325	11213.991769547325	
809	11193.415637860082	11193.415637860082	
810	11201.64609053498	11201.64609053498	
811	11189.300411522634	11189.300411522634	
812	11222.222222222223	11222.222222222223	
813	11193.415637860082	11193.415637860082	
814	11156.378600823045	11156.378600823045	
815	11201.64609053498	11201.64609053498	
816	11139.91769547325	11139.91769547325	
817	11176.954732510289	11176.954732510289	
818	11172.839506172839	11172.839506172839	
819	11168.724279835391	11168.724279835391	
820	11119.341563786009	11119.341563786009	
821	11164.609053497943	11164.609053497943	
822	11123.456790123457	11123.456790123457	
823	11164.609053497943	11164.609053497943	
824	11098.765432098766	11098.765432098766	
825	11172.839506172839	11172.839506172839	
826	11172.839506172839	11172.839506172839	
827	11123.456790123457	11123.456790123457	
828	11139.91769547325	11139.91769547325	
829	11139.91769547325	11139.91769547325	
830	11127.572016460905	11127.572016460905	
831	11131.687242798354	11131.687242798354	
832	11102.880658436214	11102.880658436214	
833	11123.456790123457	11123.456790123457	
834	11127.572016460905	11127.572016460905	
835	11181.069958847736	11181.069958847736	
836	11135.802469135802	11135.802469135802	
837	11197.530864197532	11197.530864197532	
838	11168.724279835391	11168.724279835391	
839	11156.378600823045	11156.378600823045	
840	11168.724279835391	11168.724279835391	
841	11156.378600823045	11156.378600823045	
842	11160.493827160493	11160.493827160493	
843	11160.493827160493	11160.493827160493	
844	11139.91769547325	11139.91769547325	
845	11164.609053497943	11164.609053497943	
846	11135.802469135802	11135.802469135802	
847	11226.33744855967	11226.33744855967	
848	11164.609053497943	11164.609053497943	
849	11176.954732510289	11176.954732510289	
850	11193.415637860082	11193.415637860082	
851	11176.954732510289	11176.954732510289	
852	11168.724279835391	11168.724279835391	
853	11189.300411522634	11189.300411522634	
854	11185.185185185184	11185.185185185184	
855	11176.954732510289	11176.954732510289	
856	11275.720164609054	11275.720164609054	
857	11213.991769547325	11213.991769547325	
858	11242.798353909466	11242.798353909466	
859	11176.954732510289	11176.954732510289	
860	11213.991769547325	11213.991769547325	
861	11185.185185185184	11185.185185185184	
862	11201.64609053498	11201.64609053498	
863	11168.724279835391	11168.724279835391	
864	11123.456790123457	11123.456790123457	
865	11168.724279835391	11168.724279835391	
866	11144.0329218107	11144.0329218107	
867	11160.493827160493	11160.493827160493	
868	11168.724279835391	11168.724279835391	
869	11218.106995884773	11218.106995884773	
870	11181.069958847736	11181.069958847736	
871	11127.572016460905	11127.572016460905	
872	11218.106995884773	11218.106995884773	
873	11078.189300411523	11078.189300411523	
874	11144.0329218107	11144.0329218107	
875	11127.572016460905	11127.572016460905	
876	11226.33744855967	11226.33744855967	
877	11176.954732510289	11176.954732510289	
878	11176.954732510289	11176.954732510289	
879	11131.687242798354	11131.687242798354	
880	11131.687242798354	11131.687242798354	
881	11176.954732510289	11176.954732510289	
882	11106.995884773663	11106.995884773663	
883	11131.687242798354	11131.687242798354	
884	11115.22633744856	11115.22633744856	
885	11160.493827160493	11160.493827160493	
886	11090.534979423868	11090.534979423868	
887	11119.341563786009	11119.341563786009	
888	11156.378600823045	11156.378600823045	
889	11131.687242798354	11131.687242798354	
890	11156.378600823045	11156.378600823045	
891	11102.880658436214	11102.880658436214	
892	11139.91769547325	11139.91769547325	
893	11172.839506172839	11172.839506172839	
894	11197.530864197532	11197.530864197532	
895	11135.802469135802	11135.802469135802	
896	11127.572016460905	11127.572016460905	
897	11115.22633744856	11115.22633744856	
898	11181.069958847736	11181.069958847736	
899	11176.954732510289	11176.954732510289	
900	11172.839506172839	11172.839506172839	
901	11152.263374485598	11152.263374485598	
902	11201.64609053498	11201.64609053498	
903	11164.609053497943	11164.609053497943	
904	11139.91769547325	11139.91769547325	
905	11148.148148148148	11148.148148148148	
906	11181.069958847736	11181.069958847736	
907	11197.530864197532	11197.530864197532	
908	11168.724279835391	11168.724279835391	
909	11111.111111111111	11111.111111111111	
910	11172.839506172839	11172.839506172839	
911	11222.222222222223	11222.222222222223	
912	11139.91769547325	11139.91769547325	
913	11090.534979423868	11090.534979423868	
914	11135.802469135802	11135.802469135802	
915	11139.91769547325	11139.91769547325	
916	11152.263374485598	11152.263374485598	
917	11185.185185185184	11185.185185185184	
918	11226.33744855967	11226.33744855967	
919	11197.530864197532	11197.530864197532	
920	11193.415637860082	11193.415637860082	
921	11181.069958847736	11181.069958847736	
922	11226.33744855967	11226.33744855967	
923	11181.069958847736	11181.069958847736	
924	11152.263374485598	11152.263374485598	
925	11168.724279835391	11168.724279835391	
926	11152.263374485598	11152.263374485598	
927	11160.493827160493	11160.493827160493	
928	11168.724279835391	11168.724279835391	
929	11213.991769547325	11213.991769547325	
930	11255.144032921811	11255.144032921811	
931	11230.45267489712	11230.45267489712	
932	11209.876543209877	11209.876543209877	
933	11205.761316872427	11205.761316872427	
934	11152.263374485598	11152.263374485598	
935	11152.263374485598	11152.263374485598	
936	11181.069958847736	11181.069958847736	
937	11205.761316872427	11205.761316872427	
938	11168.724279835391	11168.724279835391	
939	11119.341563786009	11119.341563786009	
940	11168.724279835391	11168.724279835391	
941	11193.415637860082	11193.415637860082	
942	11176.954732510289	11176.954732510289	
943	11201.64609053498	11201.64609053498	
944	11185.185185185184	11185.185185185184	
945	11181.069958847736	11181.069958847736	
946	11152.263374485598	11152.263374485598	
947	11139.91769547325	11139.91769547325	
948	11106.995884773663	11106.995884773663	
949	11176.954732510289	11176.954732510289	
950	11181.069958847736	11181.069958847736	
951	11271.604938271605	11271.604938271605	
952	11181.069958847736	11181.069958847736	
953	11144.0329218107	11144.0329218107	
954	11139.91769547325	11139.91769547325	
955	11172.839506172839	11172.839506172839	
956	11139.91769547325	11139.91769547325	
957	11152.263374485598	11152.263374485598	
958	11189.300411522634	11189.300411522634	
959	11201.64609053498	11201.64609053498	
960	11209.876543209877	11209.876543209877	
961	11259.25925925926	11259.25925925926	
962	11197.530864197532	11197.530864197532	
963	11209.876543209877	11209.876543209877	
964	11213.991769547325	11213.991769547325	
965	11119.341563786009	11119.341563786009	
966	11123.456790123457	11123.456790123457	
967	11172.839506172839	11172.839506172839	
968	11164.609053497943	11164.609053497943	
969	11148.148148148148	11148.148148148148	
970	11156.378600823045	11156.378600823045	
971	11160.493827160493	11160.493827160493	
972	11144.0329218107	11144.0329218107	
973	11185.185185185184	11185.185185185184	
974	11222.222222222223	11222.222222222223	
975	11148.148148148148	11148.148148148148	
976	11135.802469135802	11135.802469135802	
977	11119.341563786009	11119.341563786009	
978	11123.456790123457	11123.456790123457	
979	11201.64609053498	11201.64609053498	
980	11152.263374485598	11152.263374485598	
981	11086.41975308642	11086.41975308642	
982	11127.572016460905	11127.572016460905	
983	11102.880658436214	11102.880658436214	
984	11127.572016460905	11127.572016460905	
985	11197.530864197532	11197.530864197532	
986	11135.802469135802	11135.802469135802	
987	11172.839506172839	11172.839506172839	
988	11189.300411522634	11189.300411522634	
989	11160.493827160493	11160.493827160493	
990	11205.761316872427	11205.761316872427	
991	11119.341563786009	11119.341563786009	
992	11144.0329218107	11144.0329218107	
993	11148.148148148148	11148.148148148148	
994	11131.687242798354	11131.687242798354	
995	11078.189300411523	11078.189300411523	
996	11185.185185185184	11185.185185185184	
997	11168.724279835391	11168.724279835391	
998	11189.300411522634	11189.300411522634	
999	11176.954732510289	11176.954732510289	
1000	11152.263374485598	11152.263374485598	
